from_stop_id,to_stop_id,transfer_type,min_transfer_time
4504,4504,0,
4504,4517,0,
4243,4243,0,
4243,4514,0,
4243,4191,0,
4243,4301,0,
4247,4247,0,
4319,4319,0,
4323,4304,0,
4324,4398,0,
4295,4295,0,
4295,4249,0,
4295,4398,0,
4296,4248,0,
4297,4247,0,
4514,4243,0,
4514,4514,0,
4514,4191,0,
4514,4301,0,
4517,4504,0,
4517,4517,0,
4427,4427,0,
4427,4500,0,
4427,4567,2,300
4427,4329,0,
4429,9944,0,
4478,4455,0,
981,981,0,
981,1487,0,
981,635,2,480
983,1857,2,480
984,409,2,360
984,76,2,480
984,534,2,300
984,44,0,
984,8040,2,360
984,8077,2,360
984,31,0,
985,11523,0,
985,1016,2,300
985,4882,2,300
985,11522,2,300
985,11272,2,300
985,8041,2,480
10591,82,2,300
4194,4194,0,
4194,3994,0,
8797,8797,2,120
8797,3407,2,120
3386,3532,0,
3069,3069,0,
3394,3394,2,120
3394,3334,2,120
3394,3533,2,120
3394,3769,0,
3394,3204,0,
3394,3053,2,120
3394,3927,2,120
3394,3904,2,120
3394,3195,2,120
3394,3906,2,120
3394,3067,2,120
3394,8021,2,120
3394,8998,2,120
3394,8032,2,120
3394,7643,2,120
3046,3076,0,
3385,3385,2,120
3385,3779,2,120
3385,3816,2,120
3385,3806,2,120
3385,8022,2,120
3385,8999,2,120
3385,8031,2,120
3068,3068,0,
3068,3486,0,
3371,3667,0,
3407,8797,2,120
3407,3407,2,120
3245,3153,0,
11307,3151,0,
11307,2892,0,
8690,8688,2,120
8690,8685,2,120
8690,8676,2,120
8690,8672,2,120
8690,8656,2,120
8690,8689,2,120
8690,8657,2,120
8690,8687,2,120
8690,8746,0,
8690,8755,0,
8690,8691,0,
4043,4228,0,
4043,4053,2,360
10879,10882,0,
4045,4045,0,
4052,4052,0,
4163,4163,2,120
4163,4067,2,120
4163,452,2,120
4163,4143,2,120
4163,4119,2,120
4163,1761,2,120
4163,4381,2,120
4163,4474,2,120
4163,451,2,120
4163,1775,2,120
4163,10873,2,120
453,448,0,
453,449,2,360
497,497,0,
497,442,2,300
497,955,2,480
497,676,2,300
512,1244,2,480
10976,230,2,300
231,231,0,
696,2738,0,
696,942,2,300
696,524,0,
696,232,2,300
696,1283,0,
95,95,0,
95,78,0,
95,35,2,420
95,79,0,
95,189,2,300
95,8994,2,300
95,8019,2,480
95,8035,2,480
96,96,0,
96,9076,0,
96,11438,2,300
96,11616,0,
96,35,2,480
96,11526,0,
96,77,0,
96,8041,2,600
96,11302,2,420
96,8994,2,420
96,8019,2,480
11553,9129,2,480
11553,4881,2,300
11553,10399,2,300
11553,3430,0,
11553,10400,0,
11553,97,2,360
11553,4495,2,540
409,4496,2,360
409,8535,0,
409,8040,2,300
409,8077,2,300
409,9128,2,360
409,1856,0,
410,410,0,
76,76,0,
76,32,0,
76,9307,0,
76,8535,0,
76,8040,2,420
76,9128,2,480
78,95,0,
78,78,2,180
78,11438,2,480
78,938,2,300
78,35,2,360
78,8994,2,360
78,8019,2,480
78,8035,2,480
437,437,0,
4067,4163,2,120
4067,4067,2,120
4067,452,2,120
4067,4143,2,120
4067,4119,2,120
4067,1761,2,120
4067,4381,2,120
4067,4474,2,120
4067,451,2,120
4067,1775,2,120
4067,10873,2,120
4071,4116,0,
4087,4131,0,
4500,4329,0,
4191,4243,0,
4191,4191,0,
4191,4301,0,
4224,4224,0,
4224,4061,0,
4224,4830,0,
4222,4222,0,
4301,4243,0,
4301,4514,0,
4301,4191,0,
4301,4301,0,
9543,4464,2,420
9543,4489,0,
10589,82,0,
4496,44,0,
8643,8643,0,
4463,4463,0,
4463,11639,2,360
4463,11645,0,
4468,4455,0,
4456,11367,0,
4456,4456,0,
10028,9510,0,
10028,9511,0,
10972,10972,2,120
10972,9952,2,120
10972,10971,2,120
10972,10034,2,120
10972,8747,0,
10972,8756,0,
2881,8710,2,120
8688,8690,2,120
8688,8685,2,120
8688,8676,2,120
8688,8672,2,120
8688,8656,2,120
8688,8689,2,120
8688,8657,2,120
8688,8687,2,120
8688,8746,0,
8688,8755,0,
8688,8691,0,
2869,3130,2,120
9952,10972,2,120
9952,9952,2,120
9952,10971,2,120
9952,10034,2,120
9952,8747,0,
9952,8756,0,
2955,2860,0,
2955,3024,0,
2959,3108,0,
8697,8697,0,
8697,8683,0,
8697,10017,0,
8697,8749,0,
8697,8758,0,
3345,1401,0,
3345,2823,2,120
3345,1471,2,120
2752,3345,2,120
2752,2778,2,120
2752,2823,2,120
2752,1471,2,120
2752,1400,2,120
2752,1556,2,120
2752,8750,0,
2752,8759,0,
3029,2836,0,
3029,3129,0,
3030,3030,0,
3030,3092,0,
3030,3242,0,
3030,3156,0,
2623,2418,0,
2626,2525,0,
2833,2717,2,120
2833,2671,2,120
2833,2761,2,120
2833,2414,0,
2833,2523,2,120
2833,1173,2,120
2833,2016,2,120
2833,10203,2,120
2833,8049,0,
2833,8068,0,
1873,1877,2,120
1875,2836,0,
1875,3129,0,
10034,10972,2,120
10034,9952,2,120
10034,10034,2,120
10034,8747,0,
10034,8756,0,
4090,4097,0,
452,4163,2,120
452,4067,2,120
452,4143,2,120
452,4119,2,120
452,1761,2,120
452,4381,2,120
452,4474,2,120
452,451,2,120
452,1775,2,120
452,10873,2,120
4130,4100,0,
4201,4201,0,
4204,4212,0,
4210,4210,0,
4210,4242,2,120
4210,4471,0,
4210,4475,0,
4210,4459,2,120
4210,4568,0,
4210,10867,2,120
4210,8037,2,120
4442,4328,0,
4242,4210,0,
4242,4242,2,120
4242,4471,2,120
4242,4475,2,120
4242,4459,2,120
4242,4568,2,120
4242,10867,2,120
4242,8037,2,120
4188,4365,0,
4189,4189,0,
4190,4200,0,
1888,2939,0,
1888,9043,0,
1892,1892,0,
1892,9061,0,
1892,11640,2,300
1477,1477,0,
1477,1393,0,
1477,1858,0,
1477,1394,0,
2742,1387,0,
2742,1482,0,
2742,1709,2,120
2742,963,0,
2742,10415,2,120
2743,1046,0,
2743,968,0,
737,442,2,600
737,742,0,
737,678,0,
503,437,2,480
503,503,0,
503,2739,0,
503,1244,0,
185,231,0,
185,524,0,
185,1283,0,
971,189,2,360
11441,96,0,
11441,78,2,360
11441,11526,2,360
11441,77,0,
11441,8039,2,600
11441,11302,2,300
11441,8994,2,300
11441,8019,2,480
11441,8035,2,480
4881,9129,2,480
4881,4881,2,120
4881,10399,2,120
4881,3430,2,120
4881,10400,2,60
4881,97,0,
4881,8041,2,420
4881,4495,2,480
534,4496,2,300
534,8535,0,
534,8040,2,300
534,9128,2,300
8737,8701,0,
8683,8697,0,
8683,8683,0,
8683,10017,0,
8683,8749,0,
8683,8758,0,
2860,2955,0,
2860,2917,0,
2917,3024,0,
8853,8735,0,
8710,2881,2,120
8710,2899,2,120
8710,8710,2,120
3515,3594,0,
3515,3565,0,
3517,3412,0,
3443,8818,0,
3443,3411,0,
8818,3443,0,
8820,8847,0,
8820,3518,0,
8685,8690,2,120
8685,8688,2,120
8685,8676,2,120
8685,8672,2,120
8685,8656,2,120
8685,8689,2,120
8685,8657,2,120
8685,8687,2,120
8685,8746,0,
8685,8755,0,
8685,8691,0,
8561,8575,2,120
8561,8573,2,120
8561,8574,2,120
8561,8552,2,120
8561,8578,0,
8561,8577,0,
8561,10564,2,120
10067,10067,0,
10067,10068,0,
10067,10440,2,420
3411,3443,0,
3411,8818,0,
3411,3411,0,
3418,3554,0,
3419,3361,0,
3423,3423,0,
3423,3637,0,
10068,10067,0,
10068,10068,0,
10068,3608,2,420
10068,10440,2,480
3608,10067,2,480
3608,10068,2,420
4560,4360,2,360
4560,4403,2,360
4567,4427,2,300
4567,4500,2,300
4471,4210,0,
4471,4242,2,120
4471,4475,2,120
4471,4459,2,120
4471,4568,2,120
4471,10867,2,120
4471,8037,2,120
4329,4427,2,300
4329,4500,2,300
4569,4360,0,
4569,4403,0,
4579,4579,0,
4407,4537,0,
8605,4355,0,
8605,9138,0,
4412,4599,2,300
4448,4448,0,
4489,9543,0,
4489,4464,2,300
4489,4489,0,
3334,3394,2,120
3334,3334,0,
3334,3533,2,120
3334,3769,2,120
3334,3204,2,120
3334,3053,2,120
3334,3927,2,120
3334,3904,2,120
3334,3195,2,120
3334,3906,2,120
3334,3067,2,120
3334,8021,2,120
3334,8998,2,120
3334,8032,2,120
3334,7643,2,120
3479,3479,0,
3064,3825,0,
3065,3055,2,360
3066,9018,2,420
3085,3037,0,
3085,3085,0,
3085,3402,0,
3092,3030,2,360
3092,3092,0,
3092,3242,0,
3092,3156,0,
2807,2791,0,
1457,1457,0,
1457,1416,0,
1457,2788,0,
2741,2741,0,
2553,1461,0,
2553,1410,0,
8847,8820,0,
8847,3410,0,
3410,8847,0,
3410,3518,0,
3449,3594,0,
3449,3565,0,
3532,3386,0,
3476,3487,0,
3533,3394,2,120
3533,3334,2,120
3533,3769,2,120
3533,3204,2,120
3533,3053,2,120
3533,3927,2,120
3533,3904,2,120
3533,3195,2,120
3533,3906,2,120
3533,3067,2,120
3533,8021,2,120
3533,8998,2,120
3533,8032,2,120
3533,7643,2,120
4143,4163,2,120
4143,4067,2,120
4143,452,2,120
4143,4143,2,120
4143,4119,2,120
4143,1761,2,120
4143,4381,2,120
4143,4474,2,120
4143,451,2,120
4143,1775,2,120
4143,10873,2,120
4154,4154,0,
4440,4440,0,
4599,4599,0,
4599,4447,0,
4414,4414,0,
4414,4445,0,
4414,4353,0,
4346,4419,2,360
4346,4347,2,600
4420,4342,2,420
4347,4347,0,
4447,4534,2,360
3133,3133,0,
3133,3548,0,
3133,3613,0,
3133,3140,0,
3656,3656,0,
3656,2348,0,
3661,3661,0,
3661,3628,0,
3661,2513,0,
2325,2325,0,
2325,11204,0,
2325,2264,0,
2325,2444,0,
11682,1442,0,
11682,1430,0,
1442,11682,0,
1442,1442,0,
1442,2263,0,
1442,1430,0,
1442,3663,0,
1443,1443,0,
10915,10915,0,
10915,3535,2,120
10915,2252,2,120
10915,2203,2,120
10915,2397,2,120
10915,10423,0,
10915,8052,0,
10915,8065,0,
10915,5989,2,120
10915,6984,2,120
8676,8690,2,120
8676,8688,2,120
8676,8685,2,120
8676,8672,2,120
8676,8656,2,120
8676,8689,2,120
8676,8657,2,120
8676,8687,2,120
8676,8746,0,
8676,8755,0,
8676,8691,0,
3593,3515,0,
3594,3449,0,
3624,2189,0,
3624,2646,0,
4475,4210,0,
4475,4242,0,
4475,4471,2,120
4475,4459,2,120
4475,4568,2,120
4475,10867,2,120
4475,8037,2,120
4218,4371,0,
4218,4390,0,
4016,4053,0,
4016,4054,0,
10882,10879,0,
10882,10882,0,
10882,4228,0,
10882,4018,0,
4237,10867,2,120
4239,4231,0,
4228,10879,0,
4228,10882,0,
4228,4228,0,
4228,4018,0,
4534,4599,2,360
4355,8605,0,
4355,4355,0,
4355,9138,0,
4551,4551,0,
3536,2189,0,
3536,2646,0,
1429,1443,0,
1429,1444,0,
1429,1429,0,
1429,2326,0,
2263,1442,0,
2263,2263,0,
2263,1430,0,
2263,2264,0,
2263,2444,0,
11204,11204,0,
11204,2264,0,
11204,2444,0,
2344,2344,0,
2344,3620,0,
2344,9506,0,
3548,3133,0,
3548,3613,0,
3548,3140,0,
8575,8561,2,120
8575,8573,2,120
8575,8574,2,120
8575,8552,2,120
8575,8578,0,
8575,8577,0,
8575,10564,2,120
3613,3133,0,
3613,3140,0,
3619,3542,0,
3619,3619,0,
3619,2345,0,
3620,2344,0,
3620,3620,0,
3631,9507,0,
2347,2347,0,
3139,3134,0,
3139,3139,0,
1423,2472,0,
1423,8644,0,
1430,11682,0,
1430,2263,0,
1430,3663,0,
11507,11517,0,
11507,11506,0,
11507,11516,0,
11507,8053,0,
11507,8064,0,
11507,9948,0,
11507,10743,0,
11507,10742,0,
1451,2472,0,
2598,1461,0,
2598,1410,0,
1461,2553,0,
1461,2598,0,
1469,1557,0,
2778,3345,2,120
2778,2752,2,120
2778,2823,2,120
2778,1471,2,120
2778,8750,0,
2778,8759,0,
4061,4224,0,
4062,4222,2,300
4065,4371,0,
4065,4391,0,
4002,3995,0,
2222,2222,0,
2222,2165,2,360
2222,2166,0,
2708,2708,0,
2717,2833,2,120
2717,2671,2,120
2717,2761,2,120
2717,2414,0,
2717,2523,2,120
2717,1173,2,120
2717,2016,2,120
2717,10203,2,120
2717,8049,0,
2717,8068,0,
1404,1404,0,
1410,2553,0,
1410,2598,0,
1411,1460,0,
1411,1411,0,
1413,1413,0,
3242,3030,0,
3242,3092,2,360
3242,3156,0,
3244,3579,2,300
8672,8690,2,120
8672,8688,2,120
8672,8685,2,120
8672,8676,2,120
8672,8672,2,120
8672,8656,0,
8672,8689,2,120
8672,8657,2,120
8672,8687,2,120
8672,8746,0,
8672,8755,0,
8672,8691,0,
3518,8820,0,
3518,3410,0,
8573,8561,2,120
8573,8575,2,120
8573,8574,0,
8573,8578,0,
8573,8577,0,
3698,3698,0,
3698,3681,2,360
3698,9533,2,360
3719,10567,0,
3721,3721,0,
3723,10569,0,
3723,10568,0,
4119,4163,2,120
4119,4067,2,120
4119,452,2,120
4119,4143,2,120
4119,1761,2,120
4119,4381,2,120
4119,4474,2,120
4119,451,2,120
4119,1775,2,120
4119,10873,2,120
4003,4003,0,
1858,1858,0,
1858,1394,0,
2939,1863,0,
2941,2847,0,
2941,2928,0,
2787,1463,0,
1391,1479,0,
1391,1391,0,
1391,2769,0,
3565,3515,0,
3565,3449,0,
955,737,0,
955,955,0,
955,742,0,
955,678,0,
959,959,0,
959,1046,0,
962,965,0,
962,962,0,
1387,2742,0,
1387,1387,0,
1387,1482,0,
1387,1709,2,120
1387,963,2,300
1387,10415,2,120
1863,1863,0,
1866,1866,0,
3177,3177,0,
3178,3220,0,
3179,3179,0,
3179,3219,0,
3180,3218,0,
3767,3767,2,120
3767,3217,2,120
3767,3258,2,120
3767,8020,2,120
3767,10860,2,120
3767,8033,2,120
3181,3181,0,
3181,3217,0,
3181,8020,0,
3181,10860,0,
3181,8033,0,
3184,3184,0,
3317,3317,0,
8696,8696,0,
8696,3261,0,
3331,3315,0,
3333,3333,0,
3333,3314,0,
3333,3954,0,
3198,3784,0,
3198,3975,0,
3202,3202,0,
3202,9224,0,
3202,3909,0,
3203,3781,0,
3203,3802,0,
3769,3394,2,120
3769,3334,2,120
3769,3533,2,120
3769,3769,2,120
3769,3204,2,120
3769,3053,2,120
3769,3927,2,120
3769,3904,2,120
3769,3195,2,120
3769,3906,2,120
3769,3067,2,120
3769,8021,2,120
3769,8998,2,120
3769,7643,2,120
3057,11108,0,
3057,3057,0,
3058,3062,0,
3058,3058,0,
3779,3385,2,120
3779,3816,2,120
3779,3806,2,120
3779,8022,2,120
3779,8999,2,120
3204,3394,2,120
3204,3334,2,120
3204,3533,2,120
3204,3769,2,120
3204,3204,2,120
3204,3053,2,120
3204,3927,2,120
3204,3904,2,120
3204,3195,2,120
3204,3906,2,120
3204,3067,2,120
3204,8021,2,120
3204,8998,2,120
3204,8032,2,120
3204,7643,2,120
4341,4342,0,
4360,4560,2,480
4360,4569,0,
11570,2539,0,
11570,8048,0,
11570,8069,0,
2534,2534,0,
2765,1559,0,
1554,1554,0,
1555,1404,0,
1558,1558,0,
2613,2764,0,
2613,2613,0,
2613,8589,0,
1171,2762,0,
1171,2416,0,
1171,1175,0,
2671,2833,2,120
2671,2717,2,120
2671,2761,2,120
2671,2414,0,
2671,2523,2,120
2671,1173,2,120
2671,2016,2,120
2671,10203,2,120
2671,8049,0,
2539,2539,0,
2539,8048,0,
2539,8069,0,
1743,1743,0,
1743,2760,0,
1745,1794,0,
1550,1550,0,
1550,1793,0,
1550,1563,0,
8673,8673,0,
8673,9505,0,
8673,8743,0,
8673,8674,0,
8673,8751,0,
8673,8760,0,
1885,1866,0,
1885,1885,0,
3207,11308,0,
3781,3781,0,
3784,3784,0,
3214,3214,0,
3215,3215,0,
3216,3182,0,
3217,3181,0,
3217,3217,0,
3217,10860,0,
3217,8033,0,
4455,11678,0,
4459,4210,0,
4459,4242,2,120
4459,4471,2,120
4459,4475,2,120
4459,4568,2,120
4459,10867,2,120
4459,8037,2,120
4461,4461,2,120
4568,4242,0,
4568,4471,2,120
4568,4475,2,120
4568,4459,2,120
4568,10867,2,120
4568,8037,2,120
1761,4163,2,120
1761,4067,2,120
1761,452,2,120
1761,4143,2,120
1761,4119,2,120
1761,1761,2,120
1761,4381,2,120
1761,4474,2,120
1761,451,2,120
1761,1775,2,120
1761,10873,2,120
4371,4218,0,
4371,4065,0,
4381,4163,2,120
4381,4067,2,120
4381,452,2,120
4381,4143,2,120
4381,4119,2,120
4381,1761,2,120
4381,4474,2,120
4381,451,2,120
4381,1775,2,120
4381,10873,2,120
4390,4218,0,
3695,3731,0,
3695,3815,0,
3695,9397,0,
3480,11108,0,
3480,3057,0,
3743,10569,0,
3749,3689,0,
3681,9533,2,480
3756,3711,0,
1857,8535,2,360
1857,8040,2,300
1857,1856,0,
4396,4200,0,
4403,4560,2,480
4403,4569,0,
9138,8605,0,
9138,4355,0,
2798,2479,0,
2430,2434,0,
2430,2478,0,
2477,3023,0,
2477,2630,0,
2477,2692,2,120
2477,2799,2,120
2477,10429,2,120
2477,8051,0,
2477,8066,0,
2478,2430,0,
2478,2478,0,
2478,2435,0,
1793,1550,0,
1793,1793,0,
1793,1563,0,
2610,1177,0,
8443,11570,0,
8443,2539,0,
8443,8048,0,
8443,8069,0,
2971,2847,0,
2971,2928,0,
9043,1888,0,
9043,1863,0,
9505,8673,0,
9505,8743,0,
9505,8674,0,
9505,8751,0,
9505,8760,0,
1561,2745,0,
1561,1561,0,
1561,1552,0,
1562,1562,0,
9528,3698,2,480
9528,9528,0,
9533,3698,2,360
8574,8561,2,120
8574,8575,2,120
8574,8578,0,
8574,8577,0,
9282,9282,0,
9282,3982,0,
10132,3784,0,
10132,3975,0,
3973,3801,0,
3053,3394,2,120
3053,3334,2,120
3053,3533,2,120
3053,3204,2,120
3053,3053,2,120
3053,3927,2,120
3053,3904,2,120
3053,3195,2,120
3053,3906,2,120
3053,3067,2,120
3053,8021,2,120
3053,8998,2,120
3053,8032,2,120
3053,7643,2,120
3856,3856,0,
3868,3873,0,
3868,9257,0,
3869,3825,2,480
3869,7742,2,480
4474,4163,2,120
4474,4067,2,120
4474,452,2,120
4474,4143,2,120
4474,4119,2,120
4474,4381,2,120
4474,451,2,120
4474,1775,2,120
4474,10873,2,120
4491,4461,2,120
4491,4491,0,
4491,4660,0,
2761,2833,2,120
2761,2717,2,120
2761,2671,2,120
2761,2414,0,
2761,2523,2,120
2761,1173,2,120
2761,2016,2,120
2761,10203,2,120
2761,8049,0,
2761,8068,0,
2823,3345,2,120
2823,2752,2,120
2823,2778,2,120
2823,1471,2,120
2823,1400,2,120
2823,1556,2,120
2823,8750,0,
2823,8759,0,
2847,2941,0,
2847,2971,0,
3117,2959,0,
3117,2948,0,
8659,8679,2,120
8659,8680,2,120
8659,10021,2,120
8659,8748,0,
8659,8757,0,
8703,9510,0,
8703,9511,0,
3108,2959,0,
3108,2948,0,
1471,3345,2,120
1471,2752,2,120
1471,2823,2,120
1471,8750,0,
1471,8759,0,
2766,1477,0,
2766,1393,0,
2766,1858,0,
8140,1387,2,120
8140,1482,2,120
8140,1709,2,120
8140,963,0,
8140,10415,2,120
1482,2742,0,
1482,1387,0,
1482,1482,0,
1482,1709,2,120
1482,963,0,
1482,10415,2,120
1400,3345,2,120
1400,2752,2,120
1400,2778,2,120
1400,2823,2,120
1400,1556,2,120
1400,8750,0,
1400,8759,0,
8552,8561,2,120
8552,8575,2,120
8552,8578,0,
8552,8577,0,
3927,3394,2,120
3927,3334,2,120
3927,3533,2,120
3927,3769,2,120
3927,3204,2,120
3927,3053,2,120
3927,3195,2,120
3927,3906,2,120
3927,3067,2,120
3927,8021,2,120
3927,8998,2,120
3927,8032,2,120
3927,7643,2,120
3487,3476,0,
3904,3394,2,120
3904,3334,2,120
3904,3533,2,120
3904,3769,2,120
3904,3204,2,120
3904,3053,2,120
3904,3195,2,120
3904,3906,2,120
3904,3067,2,120
3904,8021,2,120
3904,8998,2,120
3904,8032,2,120
3904,7643,2,120
10399,9129,2,120
10399,4881,0,
10399,8672,0,
10399,10399,0,
10399,3430,2,120
10399,10400,0,
10399,97,0,
10399,8041,2,360
3430,9076,2,120
3430,9129,2,300
3430,4881,2,120
3430,10399,2,120
3430,3430,2,120
3430,10400,2,60
3430,97,0,
11535,96,2,360
11535,78,2,360
11535,11535,0,
11535,8041,2,360
11535,8035,2,600
938,2736,2,300
938,938,0,
938,35,2,360
938,8994,2,300
938,8019,2,480
938,8035,2,480
8679,8659,2,120
8679,8680,2,120
8679,10021,2,120
8679,8748,0,
8679,8757,0,
3024,2955,0,
3024,2917,0,
1870,2938,0,
1870,8802,0,
2836,3029,0,
2836,1875,0,
2938,2938,0,
2863,8897,0,
2622,3094,0,
2622,2528,0,
451,4067,2,120
451,452,2,120
451,4143,2,120
451,4119,2,120
451,1761,2,120
451,4381,2,120
451,4474,2,120
451,1775,2,120
451,10873,2,120
4010,4010,0,
4018,10882,0,
4018,4228,0,
4018,4053,2,360
2928,2941,0,
2928,2971,0,
1709,2742,2,120
1709,1387,2,120
1709,1482,2,120
1709,1709,2,120
1709,963,0,
1709,10415,2,120
1708,1711,0,
1865,10092,0,
3129,3029,0,
3129,1875,0,
11529,2738,0,
11529,942,2,300
11529,524,0,
11529,232,2,300
11529,1283,0,
10960,10958,0,
10170,9907,0,
10170,9915,2,300
10170,9906,0,
10170,9912,0,
10170,9913,0,
10170,9914,0,
10170,9908,0,
10170,9910,0,
10170,9911,0,
10170,9917,0,
10170,10432,0,
10170,9909,0,
10170,9916,0,
11260,11260,0,
11260,11258,0,
11260,11227,2,420
11260,11221,2,480
11260,10360,0,
11260,11277,2,300
11260,11276,2,300
405,405,0,
405,2081,0,
405,4879,2,480
405,4887,2,480
405,584,0,
407,4887,2,360
11429,11427,0,
11429,98,2,480
11429,26,2,360
11429,11,2,300
11429,25,0,
11532,193,2,300
11523,9129,0,
11523,11523,0,
11523,11522,2,300
11523,11272,2,300
11523,4495,2,300
11525,11525,2,180
11525,8041,2,360
11616,96,0,
11616,9076,0,
11616,11438,2,360
11616,77,0,
11527,11438,0,
1013,98,2,600
1013,26,2,480
1013,11359,2,360
1013,10424,2,300
1016,9129,2,120
1016,1016,0,
1016,193,2,300
1016,11272,2,420
1016,8041,2,420
1016,4495,2,300
35,2736,2,420
35,35,0,
35,40,2,300
35,9069,2,300
35,8994,0,
35,8019,2,480
35,8035,2,480
414,2737,2,300
40,35,0,
40,8039,2,300
40,11302,2,360
40,8994,0,
40,8019,2,480
40,8035,2,480
4882,11272,2,420
4882,4495,2,360
11542,26,0,
11542,11,0,
11526,96,0,
11526,9129,0,
11526,11616,0,
11526,11526,2,120
11526,97,0,
11526,77,0,
11524,9129,0,
11524,11524,0,
11524,11272,2,300
11524,8041,2,360
11524,4495,2,300
11522,193,2,300
11427,26,2,360
11427,11,2,300
11427,25,0,
2081,405,0,
2081,584,0,
11258,11258,0,
11258,10360,0,
11258,11276,2,360
11517,11507,0,
11517,11517,0,
11517,11506,0,
11517,8053,0,
11517,8064,0,
11517,9948,0,
11517,10743,0,
11517,10742,0,
2264,2325,0,
2264,2263,0,
2264,11204,0,
2264,2512,0,
2264,2264,0,
2264,2444,0,
2266,2323,0,
2467,2467,0,
2472,1451,0,
3023,2477,2,120
3023,2630,0,
3023,2692,2,120
3023,10429,2,120
3023,8051,0,
3023,8066,0,
2489,2527,0,
2414,2833,2,120
2414,2717,2,120
2414,2671,2,120
2414,2761,2,120
2414,2523,2,120
2414,1173,2,120
2414,2016,2,120
2414,10203,2,120
2414,8049,0,
2414,8068,0,
2523,2833,2,120
2523,2717,2,120
2523,2671,2,120
2523,2761,2,120
2523,2414,0,
2523,2523,2,120
2523,1173,2,120
2523,2016,2,120
2523,10203,2,120
2523,8049,0,
2523,8068,0,
1039,1039,0,
1039,1108,0,
1039,1596,0,
1039,1514,0,
1042,11023,0,
1042,11013,0,
1045,565,0,
1045,11422,0,
11423,11454,0,
329,9080,0,
217,545,0,
217,8640,0,
217,9136,0,
217,330,0,
4879,405,2,480
4879,542,2,360
4879,584,2,600
1055,902,0,
1055,915,0,
8907,8753,0,
8907,8762,0,
1061,1544,0,
1061,1570,0,
1046,2743,0,
1046,959,0,
1046,968,0,
10400,4881,2,60
10400,10399,2,60
10400,3430,2,60
10400,97,2,60
10400,8035,2,360
545,217,0,
545,545,0,
545,9055,0,
545,8640,0,
545,9136,0,
545,330,0,
569,60,0,
569,110,0,
361,361,0,
361,9530,0,
361,317,0,
361,674,0,
361,318,0,
9915,9912,2,480
9915,9913,2,480
9915,9914,2,480
9915,9910,2,480
9915,10432,2,300
9915,9909,2,480
9915,11665,2,360
79,2736,2,300
235,235,0,
235,8043,0,
235,8074,0,
10814,10363,0,
10814,10352,0,
1143,2120,0,
1143,9052,0,
1143,8622,0,
1143,779,0,
1143,857,0,
1143,888,0,
1143,887,0,
1147,785,2,300
1151,1355,0,
1151,1307,2,300
1152,1575,0,
1153,1153,0,
666,666,0,
666,1198,0,
666,704,0,
666,665,0,
668,668,0,
668,701,0,
668,669,0,
668,11623,0,
1156,1156,0,
1156,1071,0,
1156,1070,0,
1168,2540,0,
1169,1169,0,
1170,1170,0,
2428,2800,0,
2630,2477,2,120
2630,3023,0,
2630,2692,2,120
2630,2799,2,120
2630,10429,0,
2630,8051,0,
2630,8066,0,
2639,2261,0,
2639,2328,0,
2189,3624,0,
2189,3536,0,
11506,11507,0,
11506,11517,0,
11506,11506,0,
11506,11516,2,120
11506,8053,0,
11506,8064,0,
11506,9948,0,
11506,10743,0,
11506,10742,0,
11516,11507,0,
11516,11517,0,
11516,11506,2,120
11516,11516,0,
11516,8053,0,
11516,8064,0,
11516,9948,0,
11516,10743,0,
11516,10742,0,
2646,3624,0,
2646,3536,0,
2648,2261,0,
2648,2328,0,
333,333,0,
333,467,0,
333,334,0,
880,2118,0,
880,9054,0,
486,486,0,
486,11088,0,
486,11087,2,360
486,417,0,
486,11278,2,300
11227,11260,2,480
11227,10360,2,480
488,10467,2,360
488,10513,2,360
192,4883,2,480
192,11528,2,360
192,192,0,
11262,826,2,300
2146,2240,2,300
11252,11251,0,
11252,11287,0,
11252,11286,0,
11251,11251,0,
11251,11287,0,
11251,11286,0,
758,1980,0,
758,2054,0,
761,811,0,
454,195,0,
460,1589,0,
460,1522,0,
463,11021,0,
463,11014,0,
467,467,0,
8656,8690,2,120
8656,8688,2,120
8656,8685,2,120
8656,8676,2,120
8656,8672,0,
8656,8689,2,120
8656,8657,2,120
8656,8687,2,120
8656,8746,0,
8656,8755,0,
8656,8691,0,
9530,361,0,
9530,317,2,300
9530,674,0,
9530,318,0,
322,322,0,
322,60,0,
322,110,0,
11454,1102,0,
9055,217,0,
9055,9136,0,
9055,330,0,
2118,881,2,300
2118,933,0,
11357,486,0,
11357,11352,0,
11357,417,0,
11357,11279,2,300
11357,11278,2,300
2120,1143,0,
2120,8622,0,
2120,887,0,
2120,176,0,
2120,240,0,
10620,782,0,
9051,1361,0,
9051,1301,0,
8916,11588,0,
8916,8913,2,300
8916,1231,2,300
8916,8044,2,360
8916,8763,2,360
8916,8073,2,360
11588,11588,0,
11588,972,0,
11588,1231,2,300
11588,8044,2,300
11588,8763,2,300
11588,8073,2,300
898,728,0,
898,690,0,
902,1055,0,
902,1092,0,
906,1697,0,
906,11095,0,
1754,1754,0,
1754,2110,0,
1754,2123,0,
1754,908,0,
911,1697,0,
911,1721,0,
911,11095,0,
915,1055,0,
915,1092,0,
689,728,0,
689,690,0,
11606,972,0,
11606,1231,0,
11606,11589,0,
11606,8044,0,
11606,8754,0,
11606,8763,2,300
11606,8073,2,300
924,1361,0,
924,1301,0,
10619,10620,0,
10619,10619,0,
10619,782,0,
9052,1143,0,
9052,8622,0,
9052,888,0,
9052,176,0,
9052,240,0,
11088,486,0,
11088,11087,0,
11088,417,0,
11088,11279,2,300
11088,11278,2,300
8640,217,0,
8640,545,0,
8640,9136,0,
11113,60,0,
11113,110,0,
10169,9912,2,120
10169,9913,0,
10169,9914,2,120
10169,9908,0,
10169,9910,0,
10169,10432,0,
745,745,2,120
2153,142,0,
2156,10439,0,
2156,9103,0,
2160,1329,0,
2160,1337,0,
2160,1328,0,
2160,7025,0,
1846,1211,0,
8394,8394,0,
4876,4876,0,
4876,2242,0,
2261,2639,0,
2261,2648,0,
8644,1423,0,
8644,1451,0,
8689,8690,2,120
8689,8688,2,120
8689,8685,2,120
8689,8676,2,120
8689,8672,2,120
8689,8656,2,120
8689,8657,2,120
8689,8687,2,120
8689,8746,0,
8689,8755,0,
8689,8691,0,
9307,8535,0,
1181,1181,0,
1218,2000,0,
1218,2035,0,
1186,1187,0,
1186,1648,0,
1187,1186,0,
1187,1187,0,
1187,1160,0,
1195,1195,0,
1195,1158,0,
1071,1156,0,
1071,1071,0,
1071,1070,0,
701,668,0,
701,669,0,
701,11623,0,
702,667,0,
702,702,0,
702,1538,0,
1198,1198,0,
1198,704,0,
1198,665,0,
1202,1355,0,
1202,1307,0,
1206,785,2,300
1206,850,0,
8622,2120,0,
8622,9052,0,
8622,779,0,
8622,857,0,
8622,887,0,
178,9067,0,
178,238,0,
179,10363,0,
179,10352,0,
181,235,0,
181,181,0,
181,1286,2,360
181,10435,2,360
181,8043,0,
181,8074,0,
184,1283,2,360
11638,80,0,
97,4881,2,180
97,10399,2,120
97,3430,0,
97,10400,2,60
97,97,0,
1824,2004,0,
1824,2032,0,
1828,1133,0,
1828,1076,0,
669,668,0,
669,701,0,
669,11623,0,
1832,8903,0,
1832,1615,2,120
1832,1065,2,120
1832,8046,0,
1832,8071,0,
1075,1133,0,
1075,1076,0,
1838,2004,0,
1838,2032,0,
310,310,0,
310,370,0,
310,1505,0,
314,10968,0,
314,10969,0,
317,361,0,
317,9530,0,
317,317,0,
317,674,0,
317,318,0,
675,675,0,
358,358,0,
358,359,0,
358,596,0,
63,63,0,
63,591,0,
63,397,0,
63,1379,0,
75,11542,2,360
75,11427,2,480
75,48,0,
75,74,0,
30,4883,2,300
30,11528,2,300
30,30,0,
30,45,0,
30,11481,0,
2165,2222,2,360
2166,2222,0,
2167,2221,0,
2170,2170,0,
2170,2219,0,
2170,9099,0,
10349,10349,0,
10349,10335,0,
10929,10915,0,
10929,3535,2,120
10929,2252,2,120
10929,2203,2,120
10929,2397,0,
10929,10423,0,
10929,8052,0,
10929,8065,0,
10929,5989,2,120
10929,6984,0,
10336,10336,0,
10336,10339,0,
2214,2174,0,
2214,2214,0,
2221,2167,0,
2221,2221,0,
2225,1211,0,
2227,1329,0,
2227,1337,0,
2227,1328,0,
2227,7025,0,
810,10439,0,
810,9103,0,
2234,142,0,
826,746,0,
826,747,2,360
826,826,0,
77,96,0,
77,4881,2,180
77,11438,0,
77,3430,0,
77,11616,0,
77,11526,0,
77,97,0,
77,77,0,
77,8041,2,600
77,11302,2,420
1158,1195,0,
1160,1186,0,
1160,1187,0,
1160,1160,0,
1160,1648,0,
1173,2833,2,120
1173,2717,2,120
1173,2671,2,120
1173,2761,2,120
1173,2414,2,120
1173,2523,2,120
1173,2016,2,120
1173,10203,2,120
1173,8049,0,
1173,8068,0,
8743,8673,0,
8743,9505,0,
8743,8743,0,
8743,8674,0,
1775,4163,2,120
1775,4067,2,120
1775,452,2,120
1775,4143,2,120
1775,4119,2,120
1775,4381,2,120
1775,451,2,120
1775,10873,2,120
2123,2110,0,
2123,908,0,
8674,8673,0,
8674,9505,0,
8674,8751,0,
8674,8760,0,
1736,8563,2,120
1736,11455,0,
1736,1651,2,120
1736,1685,2,120
1736,8047,0,
1736,8070,0,
1736,11674,2,300
646,301,2,120
646,646,2,120
646,647,2,120
646,744,2,120
646,1907,2,120
647,301,0,
647,646,2,120
647,647,0,
647,744,0,
132,132,0,
132,296,0,
386,386,0,
386,1116,0,
386,1031,0,
392,392,0,
392,202,0,
392,860,0,
199,202,0,
201,812,2,300
811,761,0,
811,811,0,
811,812,0,
11353,11103,0,
11353,11350,0,
11353,11283,2,300
11353,11282,2,300
255,155,0,
255,256,0,
650,797,0,
650,838,0,
655,1347,0,
655,1316,0,
1079,1254,0,
1079,659,0,
1130,1254,0,
1130,659,0,
1133,1828,0,
1133,1075,0,
1137,1683,0,
1137,1617,0,
1139,1186,0,
1139,1160,0,
1139,1654,0,
1648,1186,0,
1648,1187,0,
1648,1160,0,
1190,1683,0,
1190,1617,0,
1076,1828,0,
1076,1075,0,
1076,1076,0,
8680,8659,2,120
8680,8679,2,120
8680,10021,2,120
8680,8748,0,
8680,8757,0,
8657,8690,2,120
8657,8688,2,120
8657,8685,2,120
8657,8676,2,120
8657,8672,2,120
8657,8656,2,120
8657,8689,2,120
8657,8687,2,120
8657,8746,0,
8657,8755,0,
8657,8691,0,
1105,11023,0,
1105,11013,0,
1108,1596,0,
1108,1514,0,
1116,386,0,
1116,292,0,
1120,1971,0,
1120,2062,0,
1018,1018,0,
1018,9551,0,
1018,869,0,
1018,767,0,
11221,11260,2,480
11221,11227,0,
11221,11221,0,
11221,10360,2,480
11087,486,2,360
11087,11357,2,300
11087,11088,2,300
11087,11087,0,
11087,2119,2,360
11087,417,0,
11087,11278,2,300
337,11021,0,
337,11014,0,
341,1589,0,
341,1522,0,
347,195,0,
812,811,0,
812,195,0,
815,1980,0,
815,2054,0,
423,1586,0,
423,1525,0,
423,11281,2,300
423,11280,2,300
11500,165,0,
11500,251,0,
11010,793,0,
11010,842,0,
11007,1350,0,
11007,1312,0,
11009,706,0,
11009,663,0,
8903,1832,0,
8903,8903,0,
8903,1615,0,
8903,1065,0,
8903,8046,0,
8903,8071,0,
11623,668,0,
11623,701,0,
11015,706,0,
11015,663,0,
11011,1350,0,
11011,1312,0,
11022,793,0,
11022,842,0,
11020,165,0,
11020,251,0,
11216,9087,0,
10799,423,0,
10799,10799,0,
10799,1586,0,
10799,1525,0,
10799,11281,2,300
10799,11280,2,300
11021,463,0,
11021,337,0,
10966,213,0,
10966,549,2,300
11023,1042,0,
11023,1105,0,
114,114,0,
114,56,0,
114,113,0,
114,11016,0,
10968,314,0,
10968,365,0,
10968,366,0,
1604,10969,0,
10959,1896,0,
2355,11555,0,
2355,2338,0,
2728,2728,0,
10339,10336,0,
2692,2477,2,120
2692,3023,0,
2692,2630,0,
2692,2799,2,120
2692,10429,2,120
2692,8051,0,
2692,8066,0,
10335,10349,0,
8913,8754,0,
8913,8763,0,
972,11588,2,300
972,11606,0,
972,11589,0,
972,8044,0,
972,8754,0,
972,8763,0,
972,8073,0,
704,666,0,
704,1198,0,
706,11009,0,
706,11015,0,
709,709,0,
709,1254,0,
709,659,0,
1254,1079,0,
1254,1130,0,
1254,709,0,
1258,2000,0,
1258,2035,0,
1266,1846,0,
1266,2225,0,
1275,1509,0,
1276,122,0,
1276,1510,0,
54,54,0,
54,10541,2,300
56,114,0,
56,56,0,
56,113,0,
56,11016,0,
59,322,2,300
60,569,0,
60,322,0,
60,11113,0,
8324,6631,0,
8324,6608,0,
6753,6753,0,
6753,6610,0,
6753,11243,0,
6753,6607,0,
6753,11247,0,
6753,11295,0,
6753,6512,0,
6753,2092,0,
6753,6541,0,
8367,8412,0,
10263,10263,2,120
10263,8301,2,120
9551,1018,0,
774,774,0,
774,1977,0,
774,863,0,
774,2058,0,
202,392,0,
202,199,0,
202,198,0,
210,1592,0,
210,1519,0,
213,10966,0,
213,10967,0,
11403,9055,0,
11403,330,0,
189,95,2,300
189,2736,0,
189,35,2,360
189,79,2,300
189,189,0,
189,859,0,
189,9069,2,420
189,11302,2,420
189,8994,2,300
189,8019,2,480
189,8035,2,360
728,898,0,
728,689,0,
736,955,0,
742,737,0,
742,955,0,
742,742,0,
742,678,0,
584,405,0,
584,4887,2,480
584,584,0,
585,585,0,
585,11473,2,300
591,63,0,
591,591,0,
591,397,0,
591,1379,0,
359,358,0,
359,359,0,
359,596,0,
365,10968,0,
365,10969,0,
659,1130,0,
659,709,0,
663,11009,0,
663,11015,0,
665,666,0,
665,1198,0,
1230,11588,2,300
1230,8044,0,
1230,8073,0,
1231,11606,0,
1231,11589,0,
1231,8044,0,
1231,8754,0,
1231,8763,0,
1231,8073,0,
1242,2739,0,
1242,951,0,
188,80,2,360
191,4494,2,300
191,4495,2,360
193,11528,2,300
1244,2739,0,
8535,8535,0,
8535,8040,2,300
366,313,0,
366,314,0,
366,366,0,
370,310,0,
744,301,0,
744,646,2,120
744,647,0,
744,744,0,
744,1907,0,
10969,314,0,
10969,365,0,
44,4496,0,
44,9128,0,
11013,1042,0,
11013,1105,0,
10967,213,2,360
10967,549,2,360
11014,463,0,
11014,337,0,
419,11019,0,
419,419,0,
419,483,0,
98,48,0,
98,74,0,
3428,429,2,360
3428,2738,0,
3428,942,0,
859,95,2,300
859,78,2,360
859,2736,0,
859,938,0,
859,35,2,300
859,79,2,360
859,189,0,
859,859,0,
859,9069,2,480
859,8039,2,360
859,11302,2,420
859,8994,2,300
859,8019,2,480
859,8035,2,480
397,63,0,
397,1379,0,
676,442,0,
678,955,0,
678,678,0,
690,898,0,
690,689,0,
695,1572,2,120
695,1541,2,120
695,8045,0,
695,8072,0,
1379,591,0,
1379,397,0,
110,569,0,
110,322,0,
110,11113,0,
113,114,0,
113,56,0,
113,113,0,
113,11016,0,
122,1276,0,
122,122,0,
122,1510,0,
124,1509,0,
296,132,0,
296,296,0,
297,381,0,
297,297,0,
1505,310,0,
1505,370,0,
1509,1275,0,
1509,124,0,
1510,1276,0,
1510,1510,0,
1971,1120,0,
1971,1027,0,
1977,774,0,
1977,863,0,
1980,758,0,
1980,815,0,
10745,11349,0,
10745,994,0,
10745,11285,2,300
10745,11284,2,300
1988,151,0,
1988,10812,0,
1992,801,0,
1992,834,0,
1996,1996,0,
1996,1343,0,
1996,1320,0,
1996,2039,0,
2000,1218,0,
2000,1258,0,
2004,1824,0,
2004,1838,0,
1622,1622,0,
1622,1679,0,
1622,2028,0,
1659,1659,0,
1659,1643,0,
1659,2023,0,
1659,9989,0,
10331,10231,0,
968,959,0,
968,1046,0,
968,968,0,
616,1487,2,360
613,613,0,
613,1,2,300
26,11542,0,
48,75,0,
48,11563,2,360
48,98,0,
779,1143,0,
779,9052,0,
779,8622,0,
779,779,0,
779,857,0,
782,10620,0,
782,10619,0,
785,1147,0,
789,1580,0,
789,1533,0,
793,11010,0,
793,11022,0,
797,650,0,
797,718,0,
801,1992,0,
801,2044,0,
809,2156,0,
809,810,0,
834,1992,0,
834,2044,0,
1329,2160,0,
1329,2227,0,
1329,7025,0,
1330,1330,0,
1333,6959,0,
1334,1334,0,
1334,6958,0,
1334,6992,0,
1336,1336,0,
1337,2160,0,
1337,2227,0,
1337,1337,0,
1343,1996,0,
1343,2039,0,
1347,655,0,
1347,713,0,
1350,11007,0,
1350,11011,0,
1354,1576,0,
1354,1537,0,
1355,1151,0,
1355,1202,0,
1361,9051,0,
1361,924,0,
1361,892,0,
1362,10196,0,
1362,10374,0,
1328,2160,0,
1328,2227,0,
1328,1328,0,
136,11103,0,
136,11350,0,
136,11283,2,300
136,11282,2,300
8563,1736,2,120
8563,1651,0,
8563,1685,2,120
8563,8047,2,120
8563,8070,0,
713,1347,0,
713,713,0,
713,1316,0,
718,650,0,
718,797,0,
718,798,0,
718,718,0,
718,838,0,
11354,11103,0,
11354,627,0,
11354,11283,2,300
11354,11282,2,300
195,454,0,
195,347,0,
198,392,0,
198,202,0,
198,198,0,
198,860,0,
292,1116,0,
292,1031,0,
1907,301,0,
1907,646,2,120
1907,647,0,
1907,744,0,
1907,1907,0,
351,351,0,
351,603,0,
10553,938,0,
10553,35,0,
10553,11302,2,360
10553,8994,0,
10553,8019,2,480
10553,8035,2,480
9069,35,2,300
9069,11302,2,300
9069,8994,0,
9069,8019,2,480
9069,8035,2,480
1959,404,0,
596,596,0,
857,1143,0,
857,8622,0,
838,650,0,
838,718,0,
842,11010,0,
842,11022,0,
847,1580,0,
847,1533,0,
850,1147,0,
850,1206,0,
908,1754,0,
908,2123,0,
11589,11606,0,
11589,972,0,
11589,1231,0,
11589,8044,2,300
11589,8754,2,300
11589,8763,2,300
11589,8073,2,300
888,9052,0,
888,176,0,
888,240,0,
10631,486,0,
10631,417,0,
10631,11279,2,300
10631,11278,2,300
9136,217,0,
9136,545,0,
9136,9055,0,
9136,8640,0,
9136,9136,0,
9136,330,0,
1300,10196,0,
1300,10374,0,
1301,9051,0,
1301,924,0,
1301,892,0,
1307,1151,2,300
1307,1202,2,300
1308,1576,0,
1308,1537,0,
1312,11007,0,
1312,11011,0,
1316,655,0,
1316,713,0,
1320,1996,0,
1320,1343,0,
1320,1320,0,
1320,2039,0,
860,392,0,
860,199,0,
860,198,0,
860,860,0,
860,287,0,
287,392,0,
287,202,0,
287,860,0,
287,287,0,
160,11103,0,
160,627,0,
160,11283,2,300
160,11282,2,300
330,217,0,
330,9055,0,
330,9136,0,
2119,486,0,
2119,11352,2,300
2119,417,0,
2119,11279,2,300
2119,11278,2,300
886,176,0,
886,240,0,
887,1143,0,
887,8622,0,
887,779,0,
887,857,0,
892,1361,0,
892,1301,0,
8687,8690,2,120
8687,8688,2,120
8687,8685,2,120
8687,8676,2,120
8687,8672,0,
8687,8656,2,120
8687,8689,2,120
8687,8657,0,
8687,8687,0,
8687,8746,0,
8687,8755,0,
8687,8691,0,
3156,3030,0,
3156,3092,0,
8845,8845,0,
9917,9912,2,480
9917,9913,2,480
9917,9914,2,480
9917,9908,0,
9917,9910,2,480
9917,10432,2,120
9917,9909,2,480
9917,11665,2,360
318,9530,0,
318,674,0,
318,318,0,
326,1102,0,
1641,2010,0,
1641,1641,0,
1642,1660,0,
1643,1659,0,
1643,9989,0,
1651,1736,2,120
1651,8563,2,120
1651,11455,0,
1651,1685,2,120
1651,8047,0,
1651,8070,0,
1651,11674,2,300
1677,1855,0,
1677,1677,0,
1679,2028,0,
1679,9987,0,
1683,1137,0,
1683,1190,0,
1070,1156,0,
1070,1071,0,
1615,1832,2,120
1615,8903,0,
1615,1065,2,120
1615,8046,0,
1615,8071,0,
549,10966,2,300
549,10967,2,360
9124,1592,0,
9124,1519,0,
863,774,0,
863,1977,0,
863,863,0,
863,2058,0,
869,1018,0,
9135,9135,0,
8301,10263,0,
11349,10745,0,
11349,2051,0,
11348,11353,0,
11348,136,0,
6630,11388,0,
6630,11471,0,
6630,11293,0,
6610,6753,0,
6610,6610,0,
6610,11243,0,
6610,6607,0,
6610,11247,0,
6610,6512,0,
767,1018,0,
645,2736,2,360
276,607,2,360
277,276,2,360
1572,695,2,120
1572,8045,0,
1572,8072,0,
1589,460,0,
1589,341,0,
1592,210,0,
1592,9124,0,
1596,1039,0,
1596,1108,0,
1617,1137,0,
1617,1190,0,
1621,2028,0,
1621,9987,0,
1576,1354,0,
1576,1308,0,
1580,789,0,
1580,847,0,
1583,11675,2,360
1583,248,0,
1586,423,0,
1586,10799,0,
1586,11281,2,300
1586,11280,2,300
11103,11354,0,
11103,160,0,
11103,11283,2,300
11352,11357,0,
11352,2119,0,
11352,11279,2,300
417,11357,0,
417,11088,0,
417,11087,2,300
417,2119,0,
627,11354,0,
627,160,0,
11350,11353,0,
11350,136,0,
11350,11282,2,300
994,10745,0,
994,2051,0,
448,450,2,300
2380,2380,0,
2799,2477,0,
2799,2630,0,
2799,2692,2,120
2799,10429,2,120
2799,8051,0,
2799,8066,0,
2321,2268,0,
2321,2321,0,
2409,6086,0,
2410,5991,0,
11392,11392,2,120
2323,2323,0,
2444,2325,0,
2444,11204,0,
1027,1971,0,
1027,2062,0,
1031,386,0,
1031,292,0,
1514,1039,0,
1514,1108,0,
1519,210,0,
1519,9124,0,
1522,460,0,
1522,341,0,
1525,423,0,
1525,10799,0,
1525,11281,2,300
1525,11280,2,300
1530,11675,2,360
1530,248,0,
1533,789,0,
1533,847,0,
1537,1354,0,
1537,1308,0,
1541,695,2,120
1541,8045,0,
1541,8072,0,
1544,1061,0,
1544,1086,0,
1546,1692,0,
1546,1728,0,
1553,1559,0,
10663,3345,2,120
10663,2752,2,120
10663,2823,2,120
10663,1471,2,120
10663,1400,2,120
10663,8750,0,
10663,8759,0,
1563,1550,0,
1563,1793,0,
1567,1692,0,
1567,1728,0,
1570,1061,0,
1570,1086,0,
2016,2833,2,120
2016,2717,2,120
2016,2671,2,120
2016,2761,2,120
2016,2414,2,120
2016,2523,2,120
2016,1173,2,120
2016,10203,2,120
2016,8049,0,
2016,8068,0,
2028,1622,0,
2028,1679,0,
2032,1824,0,
2032,1838,0,
2035,1218,0,
2035,1258,0,
2039,1343,0,
2039,1320,0,
2044,801,0,
2044,834,0,
2047,151,0,
2047,10812,0,
2051,11349,0,
2051,994,0,
2051,11285,2,300
2051,11284,2,300
2054,758,0,
2054,815,0,
2058,774,0,
2058,863,0,
2062,1120,0,
2062,1027,0,
2328,2639,0,
2328,2648,0,
2396,2399,0,
2396,2386,0,
2396,10854,2,480
3195,3394,2,120
3195,3334,2,120
3195,3533,2,120
3195,3769,2,120
3195,3204,2,120
3195,3053,2,120
3195,3927,2,120
3195,3904,2,120
3195,3906,2,120
3195,3067,2,120
3195,8021,2,120
3195,8998,2,120
3195,8032,2,120
3195,7643,2,120
11425,3317,0,
11425,11425,0,
3221,3221,0,
10021,8659,2,120
10021,8679,2,120
10021,8680,2,120
10017,8697,0,
10017,8683,0,
3816,3385,2,120
3816,3061,2,120
3816,3779,2,120
3816,3816,2,120
3816,3806,2,120
3816,3478,2,120
3816,3822,2,120
3816,8022,2,120
3816,8999,2,120
3816,8031,2,120
963,1387,2,300
963,1482,0,
963,1709,0,
963,10415,0,
1065,1832,2,120
1065,8903,2,120
1065,1615,2,120
1065,8046,0,
1065,8071,0,
1086,1544,0,
1086,1570,0,
1091,8753,0,
1091,8762,0,
1092,902,0,
1092,915,0,
1101,959,0,
1685,1736,2,120
1685,8563,2,120
1685,11455,0,
1685,1651,2,120
1685,8047,0,
1685,8070,0,
1685,11674,2,300
1692,1546,0,
1692,1567,0,
8860,8752,0,
8860,8761,0,
1697,906,0,
1697,911,0,
1721,906,0,
1721,911,0,
11095,906,0,
11095,911,0,
11095,8752,0,
11095,8761,0,
1728,1546,0,
1728,1567,0,
10360,11258,0,
10360,11227,2,420
10360,11221,2,480
10360,11277,2,300
10360,11276,2,300
10363,10814,0,
10363,179,0,
10196,1362,0,
10196,1300,0,
10196,10374,0,
10352,10814,0,
10352,179,0,
8928,7073,0,
8921,8921,0,
8936,7200,0,
8936,7186,0,
7076,8945,0,
7076,7152,0,
7169,5345,0,
5342,5364,0,
9435,10748,0,
9435,10747,0,
9435,5364,0,
7093,7093,0,
7093,7097,0,
7259,7259,2,120
7259,5352,2,120
7259,7207,2,120
7259,7095,2,120
7259,7166,2,120
7259,7214,2,120
7066,7066,0,
7070,7070,0,
8975,8960,0,
8975,10554,0,
7591,7591,2,120
7591,5216,2,120
7591,7468,2,120
7591,7469,2,120
7591,6727,2,120
7591,7635,2,120
7591,6736,2,120
7429,7495,0,
7446,7493,0,
7446,7533,0,
7446,7501,0,
7449,7450,2,120
7449,7555,0,
7450,7450,2,120
7450,7489,2,120
7489,7489,2,120
7576,7629,0,
10744,10744,0,
9608,9608,0,
10328,4756,0,
4608,4608,0,
8638,4611,0,
10873,4163,2,120
10873,4067,2,120
10873,452,2,120
10873,4143,2,120
10873,4119,2,120
10873,1761,2,120
10873,4381,2,120
10873,4474,2,120
10873,451,2,120
10873,1775,2,120
5352,7259,2,120
5352,5352,2,120
5352,7207,2,120
5352,7095,2,120
5352,7166,2,120
5352,7214,2,120
7192,7192,0,
5360,7169,0,
5360,7150,0,
5360,5345,0,
6504,6548,0,
6508,6888,0,
6508,6545,0,
6840,10519,0,
6840,6841,0,
11243,6753,0,
11243,6610,0,
11243,11243,0,
11243,6607,0,
11243,11247,0,
11243,11295,0,
11243,6512,0,
11243,2092,0,
11243,6541,0,
11384,11384,0,
11255,11255,0,
6607,6753,0,
6607,6610,0,
6607,11243,0,
6607,6607,0,
6607,11247,0,
6607,11295,0,
6607,6512,0,
6607,2092,0,
6607,6541,0,
6951,6951,0,
6951,8385,0,
6951,6999,0,
6656,6483,0,
6656,6578,0,
6566,6802,0,
6566,6486,0,
6482,6482,0,
6482,6578,0,
6958,1334,0,
6958,6958,0,
6958,6992,0,
8396,8396,0,
10433,10433,0,
10432,9907,0,
10432,9915,0,
10432,9906,0,
10432,9912,0,
10432,9913,0,
10432,9914,0,
10432,9908,0,
10432,9910,0,
10432,9911,0,
10432,9917,0,
10432,10432,2,120
10432,9909,0,
10432,9916,0,
357,357,0,
1,613,2,300
1,1,0,
7416,7417,0,
8959,7416,0,
7089,5346,0,
7096,7096,0,
7281,7311,0,
9593,9597,0,
9593,9596,0,
9591,9591,2,120
9591,9592,2,120
9560,6805,0,
9562,6823,0,
9564,6590,0,
9564,6646,0,
9567,6874,0,
9570,6675,0,
9570,6691,0,
8852,8852,0,
8852,9572,0,
8852,6923,0,
6942,6741,0,
6942,6725,0,
6703,6703,0,
6703,8326,0,
6704,6768,0,
6704,6781,0,
8483,8484,0,
8483,8283,2,300
6706,8282,0,
8485,8282,0,
8484,8484,0,
8484,8283,2,360
6661,6661,0,
6661,6768,0,
6661,6781,0,
6919,6944,0,
6919,6919,0,
6921,6741,0,
6921,6725,0,
9574,6675,0,
9574,6691,0,
9577,6902,0,
9577,6874,0,
9580,6590,0,
9580,6646,0,
9582,6823,0,
10488,9915,2,300
10488,9917,2,300
10488,9916,2,300
10434,10434,0,
10044,613,2,300
10044,10044,0,
10044,639,2,300
10044,10618,2,300
74,75,0,
74,11563,2,360
74,98,0,
11,11429,2,300
11,1013,2,420
11,11542,0,
11,11427,2,300
11311,11311,0,
11311,11274,2,360
10465,415,2,480
10492,8042,2,300
10492,8075,2,300
10486,234,0,
10435,8043,2,300
11310,11311,2,300
11310,11310,0,
11310,11275,2,360
11310,11274,2,360
10424,1013,2,300
11309,11475,2,480
11309,73,2,360
10513,415,2,480
11337,11310,2,360
11337,11275,2,360
11337,11274,2,360
10057,11475,2,480
5359,5359,0,
5359,5346,0,
10203,2833,2,120
10203,2717,2,120
10203,2671,2,120
10203,2761,2,120
10203,2414,0,
10203,2523,2,120
10203,1173,2,120
10203,2016,2,120
10203,10203,2,120
10203,8049,0,
10203,8068,0,
2663,2663,0,
2663,10245,0,
2663,10288,0,
2688,2696,0,
2689,2695,0,
10429,2477,2,120
10429,3023,0,
10429,2630,0,
10429,2692,2,120
10429,2799,2,120
10429,10429,2,120
10429,8051,0,
10429,8066,0,
10247,10247,0,
10329,2725,0,
10235,2708,0,
10235,10233,0,
2012,2021,0,
5374,5374,0,
5395,5395,0,
10251,10251,0,
10251,10692,0,
10251,10260,0,
6988,6962,0,
6988,6988,0,
6991,6991,0,
6991,6959,0,
6991,7046,0,
6994,6994,0,
6994,6956,0,
6534,2099,0,
6682,2098,0,
6682,8380,0,
11247,6753,0,
11247,6610,0,
11247,11243,0,
11247,6607,0,
11247,11247,0,
11247,11295,0,
11247,6512,0,
11247,2092,0,
11247,6541,0,
10746,10746,0,
2386,2396,0,
25,11429,0,
25,11427,0,
9592,9591,2,120
9592,9592,2,120
5768,5768,2,120
5768,5769,0,
5768,8057,0,
5768,8060,0,
5768,5667,2,120
5768,10881,2,120
5768,5793,2,120
5768,5045,2,120
5768,5891,2,120
5768,6467,2,120
5768,10880,2,120
5768,5262,2,120
5768,5494,2,120
5768,5122,2,120
3258,3767,2,120
3258,3181,2,120
3258,3217,2,120
3258,3258,2,120
3258,8020,2,120
3258,10860,2,120
3258,8033,2,120
9433,9433,0,
3298,3317,0,
3298,3318,0,
5844,5844,0,
5844,10884,0,
5844,8056,0,
5844,8061,0,
5852,5852,0,
5854,10159,0,
5860,5845,0,
5860,5860,0,
5860,9929,0,
5861,5861,0,
5861,9929,0,
10884,5844,0,
10884,8056,0,
10884,8061,0,
5862,5844,0,
5862,8056,0,
5862,8061,0,
5661,5837,0,
5661,5673,0,
5664,5670,0,
5664,5722,0,
9339,9338,0,
9339,9344,0,
9477,9477,0,
9480,9479,0,
9480,9480,0,
9342,3277,0,
9342,3281,0,
5334,5334,0,
5335,5335,0,
5335,5381,0,
5335,6472,0,
7100,7100,0,
7100,10629,0,
7100,5336,0,
7100,9492,0,
7100,5380,0,
5381,5381,0,
5381,6472,0,
11593,10644,0,
11593,10643,0,
10258,10628,0,
10258,10258,0,
10258,10253,0,
5389,10671,0,
5389,5325,0,
6037,10702,0,
6037,6037,0,
6037,5305,0,
6037,5398,0,
10673,10644,0,
10673,10643,0,
9721,5854,0,
5769,5768,2,120
5769,5769,2,120
5769,8057,0,
5769,8060,0,
5769,5667,2,120
5769,10881,2,120
5769,5793,2,120
5769,5045,2,120
5769,5891,2,120
5769,6467,2,120
5769,10880,2,120
5769,5262,2,120
5769,5494,2,120
5769,5122,0,
6219,6428,0,
6219,6149,0,
6146,6223,0,
6146,6146,0,
6146,6222,0,
6148,6220,0,
6148,6148,0,
6153,6280,0,
3943,3943,0,
3964,9179,0,
3965,9255,0,
3982,3982,0,
3908,3782,0,
9714,9230,0,
3906,3394,2,120
3906,3334,2,120
3906,3533,2,120
3906,3769,2,120
3906,3204,2,120
3906,3053,2,120
3906,3927,2,120
3906,3904,2,120
3906,3195,2,120
3906,3906,2,120
3906,3067,2,120
3906,8021,2,120
3906,8998,2,120
3906,8032,2,120
3906,7643,2,120
7707,10345,0,
10295,10295,0,
10295,7890,0,
10295,7835,0,
10299,7666,2,420
10299,7719,2,420
10366,10956,0,
11413,11413,0,
11413,10198,2,480
11413,10840,0,
11413,10956,2,360
7827,11413,2,300
7827,7827,2,120
7827,10198,2,120
7827,7743,2,120
7827,10840,2,120
7827,8024,2,120
7827,10956,2,120
7827,8029,2,120
7827,7727,2,120
7827,7658,2,120
10198,11413,2,480
10198,10198,0,
10198,10840,2,480
10198,10956,2,480
7869,7869,0,
7685,7685,0,
7685,7703,0,
11027,11028,0,
11033,11033,0,
9632,9632,0,
7956,7956,0,
5345,5345,0,
5354,5354,0,
9291,9291,0,
9303,9303,0,
6475,6475,0,
6475,7102,0,
5336,7100,0,
5336,5336,0,
5336,9492,0,
5336,5380,0,
9492,5336,0,
9492,5380,0,
9492,8989,0,
5380,9492,0,
6472,5336,0,
6472,6472,0,
7063,7063,0,
9306,6475,0,
9306,9306,0,
9306,10199,0,
9306,7102,0,
9293,9291,0,
9293,9292,0,
5350,5350,0,
5350,7348,0,
3944,3944,0,
3944,9179,0,
3067,3394,2,120
3067,3334,2,120
3067,3533,2,120
3067,3769,2,120
3067,3204,2,120
3067,3053,2,120
3067,3927,2,120
3067,3904,2,120
3067,3906,2,120
3067,3067,2,120
3067,8021,2,120
3067,8998,2,120
3067,8032,2,120
3067,7643,2,120
9179,3964,0,
9179,3944,0,
9179,9179,0,
9683,9684,0,
9683,9683,0,
9683,9854,0,
9667,8025,2,120
9667,8028,2,120
9667,10955,2,120
7672,9652,0,
7672,7714,0,
10892,10889,2,120
10892,10888,2,120
10892,10891,2,120
10892,10890,2,120
10892,10887,2,120
10892,10886,2,120
10892,10885,2,120
7681,7681,0,
9665,9701,0,
9635,9635,0,
7777,8028,2,120
7777,10955,2,120
10305,10300,0,
10305,7785,0,
10305,10305,0,
10310,7666,2,420
10310,7719,2,420
10316,10893,0,
7743,11413,2,360
7743,7827,2,120
7743,10956,2,120
7743,8029,2,120
7743,7727,2,120
7743,7658,2,120
10840,11413,2,120
10840,7827,2,120
10840,7743,2,120
10840,10840,0,
10840,10956,2,120
10840,7658,2,120
6354,6354,0,
6354,6196,0,
6088,6088,2,120
6088,6340,2,120
6088,5543,2,120
6088,6195,2,120
6088,6174,2,120
6088,8854,2,120
6133,9062,0,
6133,6133,0,
6133,6095,0,
5533,9021,0,
5533,5444,0,
5541,5541,0,
6340,6340,2,120
6340,5543,0,
6340,6195,2,120
6340,6174,2,120
6340,8854,2,120
6340,6139,2,120
6204,6164,0,
6204,6204,0,
6204,6233,0,
6214,6154,0,
6214,6214,0,
3810,3810,0,
9417,9243,0,
9311,9255,0,
3981,9310,0,
9245,9245,0,
9255,3965,0,
9255,9311,0,
7728,7728,0,
7732,7732,0,
7732,7654,0,
10272,10272,0,
10272,7650,2,480
10272,7736,2,480
10294,10893,0,
7768,8025,2,120
7768,10954,2,120
7768,8028,2,120
7768,10955,2,120
10343,10343,0,
7979,7979,0,
7703,7685,0,
7703,7861,0,
7703,7703,0,
7699,10516,0,
7699,10215,0,
3815,3731,0,
3878,3878,0,
3885,3885,0,
7865,7868,0,
7857,7857,0,
7854,7854,0,
11658,11661,0,
11658,8055,0,
11658,8062,0,
11658,11663,2,120
11658,11662,0,
11658,11657,0,
11658,11660,0,
11658,11659,0,
5176,5188,0,
5176,5900,0,
5274,5275,2,300
5274,6060,0,
5274,5419,0,
5180,5180,0,
5180,9720,0,
5180,5183,2,360
5180,5815,2,360
11289,11248,0,
11289,11250,0,
11289,11288,0,
11289,11269,0,
11289,11253,0,
11289,11267,0,
11289,11246,0,
11289,11266,0,
11289,11268,0,
11289,11256,0,
11287,11251,0,
11285,10745,2,300
11285,2051,2,300
11283,11353,2,300
11283,136,2,300
11283,11354,2,300
11283,160,2,300
11283,11103,2,300
11281,423,2,300
11281,10799,2,300
11281,1586,2,300
11281,1525,2,300
11279,486,2,360
11279,11357,2,300
11279,11088,2,300
11279,11087,2,300
11279,2119,2,300
11277,11260,2,300
11277,10360,2,300
11275,11311,2,300
11275,11310,2,360
11275,11337,2,360
11273,9129,2,360
11273,11523,2,300
11273,4882,2,420
11273,11522,2,360
11273,193,2,360
11273,4495,2,360
11303,96,2,360
11303,9076,2,300
11303,11438,2,300
11303,938,2,300
11303,35,2,300
11303,77,2,300
11303,9069,2,300
11303,8039,2,360
11303,8994,2,300
11303,8019,2,480
11303,8035,2,480
9190,3659,0,
9190,3631,0,
9182,9182,0,
9199,9186,0,
9199,2496,0,
2354,8978,0,
2354,8054,2,300
2354,8063,0,
2354,2339,0,
3918,3918,0,
7926,7926,0,
10202,8050,0,
10202,8067,0,
5585,6464,0,
5585,5621,0,
5588,5588,0,
5591,5596,0,
5591,5706,0,
5591,6078,0,
5507,5701,0,
5507,5465,0,
5593,5743,2,120
5593,6000,2,120
5593,5633,2,120
5593,5700,0,
5593,6077,2,120
5593,5464,0,
5593,5509,2,120
5594,5701,0,
5594,5465,0,
5596,5596,0,
5596,6078,0,
5601,6464,0,
5601,5621,0,
5615,4933,0,
5615,4925,0,
5623,5623,0,
5623,5561,0,
5623,5583,0,
5623,11122,0,
5629,5557,0,
5629,5628,0,
5629,5998,0,
6455,5230,2,120
6455,5093,2,120
6455,6080,2,120
6455,4845,2,120
6455,5244,2,120
6455,5553,2,120
6455,4939,2,120
5216,7591,2,120
5216,5216,2,120
5216,7468,2,120
5216,7469,2,120
5216,6727,2,120
5216,7635,2,120
5216,6736,2,120
3806,3385,2,120
3806,3779,2,120
3806,3816,0,
3806,3478,2,120
3806,3822,2,120
3806,8022,2,120
3806,8999,2,120
3806,8031,2,120
3478,3816,2,120
3478,3806,2,120
3478,8022,2,120
3478,8999,2,120
3478,8031,2,120
7645,7645,0,
9281,9281,0,
8970,8970,0,
6149,6219,0,
6149,6149,0,
8841,8841,0,
8841,6231,0,
6351,6230,0,
6351,6346,0,
5543,6088,0,
5543,6340,0,
5543,5543,0,
5543,6195,0,
5543,6174,2,120
5543,8854,2,120
5543,6139,2,120
5435,5435,0,
6230,6351,0,
6230,6230,0,
6230,6346,0,
5557,5629,0,
5557,5557,0,
5557,5998,0,
5561,5583,0,
5561,11122,0,
5567,4933,0,
5567,4925,0,
11276,11260,2,300
11276,11258,2,300
11276,10360,2,300
11278,11357,2,300
11278,11088,2,300
11278,11087,2,300
11278,2119,2,300
11280,423,2,300
11280,10799,2,300
11280,1586,2,300
11280,1525,2,300
11282,11353,2,300
11282,136,2,300
11282,11354,2,300
11282,160,2,300
11282,11350,2,300
11284,10745,2,300
11284,2051,2,300
11286,11251,0,
11288,11250,0,
11288,11269,0,
11288,11253,0,
11288,11267,0,
11288,11246,0,
11288,11266,0,
11288,11268,0,
11288,11256,0,
11290,8604,0,
11292,11471,0,
11294,6753,0,
11294,6610,0,
11294,11243,0,
11294,6607,0,
11294,11247,0,
11294,6512,0,
11294,2092,0,
11294,6541,0,
8040,409,2,300
8040,4496,2,360
8040,8535,2,300
8040,9128,2,360
8040,31,2,300
8043,235,0,
8043,181,0,
8044,11588,2,300
8044,11606,2,300
8044,972,0,
8044,1231,0,
8044,11589,2,300
8044,8754,0,
8044,8763,0,
8045,695,0,
8045,1572,0,
8045,1541,0,
8046,1832,0,
8046,8903,0,
8046,1615,0,
8046,1065,0,
8047,1736,0,
8047,8563,0,
8047,11455,0,
8047,1651,0,
8047,1685,0,
8047,11674,0,
8048,11570,0,
8048,2539,0,
8049,2833,0,
8049,2717,0,
8049,2761,0,
8049,2414,0,
8049,2523,0,
8049,1173,0,
8049,2016,0,
8049,10203,0,
8050,10202,0,
8051,2477,0,
8051,3023,0,
8051,2630,0,
8051,2692,0,
8051,2799,0,
8051,10429,0,
8052,10915,0,
8052,3535,0,
8052,2252,0,
8052,2203,0,
8052,2397,0,
8052,10423,0,
8052,5989,0,
8052,6984,0,
8053,11507,0,
8053,11517,0,
8053,11506,0,
8053,9948,2,300
8053,10743,0,
8053,10742,0,
8054,8054,0,
8054,2339,0,
8578,8561,0,
8578,8575,0,
8578,8573,0,
8578,8574,0,
8578,8552,0,
8578,10564,0,
8746,8690,0,
8746,8688,0,
8746,8685,0,
8746,8676,0,
8746,8672,0,
8746,8656,0,
8746,8689,0,
8746,8657,0,
8746,8687,0,
8747,10972,0,
8747,9952,0,
8747,10971,0,
8747,10034,0,
9510,8703,0,
8748,8659,0,
8748,8679,0,
8748,8680,0,
8749,8697,0,
8749,8683,0,
8750,2752,0,
8750,2778,0,
8750,2823,0,
8750,1471,0,
8750,1400,0,
8750,1556,0,
8751,8673,0,
8751,9505,0,
8751,8674,0,
8752,8860,0,
8752,11095,0,
8753,8907,0,
8753,1091,0,
8754,11588,0,
8754,11606,2,300
8754,972,0,
8754,1231,0,
8754,11589,2,300
8754,8044,0,
8754,8073,0,
10375,1362,0,
10375,1300,0,
10375,10196,0,
8763,11588,2,360
8763,972,0,
8763,1231,0,
8763,8044,0,
8763,8073,0,
8762,8907,0,
8762,1091,0,
8761,8860,0,
8761,11095,0,
8760,8673,0,
8760,9505,0,
8760,8674,0,
8759,2752,0,
8759,2778,0,
8759,2823,0,
8759,1471,0,
8759,1400,0,
8759,1556,0,
8758,8697,0,
8758,8683,0,
8757,8659,0,
8757,8679,0,
8757,8680,0,
9511,8703,0,
8756,10972,0,
8756,9952,0,
8756,10971,0,
8755,8690,0,
8755,8688,0,
8755,8685,0,
8755,8676,0,
8755,8672,0,
8755,8656,0,
8755,8689,0,
8755,8657,0,
8755,8687,0,
8755,8691,0,
8577,8561,0,
8577,8575,0,
8577,8573,0,
8577,8574,0,
8577,8552,0,
8577,10564,0,
8063,8978,0,
8063,8054,0,
8063,2339,0,
8064,11507,0,
8064,11517,0,
8064,11506,0,
8064,9948,2,300
8064,10743,0,
8064,10742,0,
8065,10915,0,
8065,3535,0,
8065,2252,0,
8065,2203,0,
8065,2397,0,
8065,10423,0,
8065,5989,0,
8065,6984,0,
8066,2477,0,
8066,3023,0,
8066,2630,0,
8066,2692,0,
8066,2799,0,
8066,10429,0,
8067,10202,0,
8068,2833,0,
8068,2717,0,
8068,2671,0,
8068,2761,0,
8068,2414,0,
8068,2523,0,
8068,1173,0,
8068,2016,0,
8068,10203,0,
8069,11570,0,
8069,2539,0,
8070,1736,0,
8070,8563,0,
8070,11455,0,
8070,1651,0,
8070,1685,0,
8070,11674,0,
3848,3848,0,
3852,3881,0,
3852,3852,0,
3822,3385,2,120
3822,3779,2,120
3822,3816,2,120
3822,3806,2,120
3822,3478,2,120
3822,3822,2,120
3822,8022,2,120
3822,8999,2,120
6217,6373,0,
6217,6217,0,
6217,6151,0,
6280,6153,0,
6280,6280,0,
6280,6215,0,
6298,6298,0,
6310,6310,0,
5436,6088,2,120
5436,6340,2,120
5436,5543,2,120
5436,5436,2,120
5436,6195,2,120
5436,6174,2,120
5436,8854,2,120
5436,6139,2,120
6195,6088,0,
6195,6340,0,
6195,5543,0,
6195,6195,0,
4929,4929,0,
4933,5615,0,
4933,5567,0,
4936,4922,0,
4936,11121,0,
4936,6081,0,
5229,4940,0,
4917,4918,0,
4917,4847,0,
5230,6455,2,120
5230,5093,2,120
5230,6080,0,
5230,4845,0,
5230,5244,2,120
5230,5553,2,120
5230,4939,2,120
5230,5997,2,120
4925,5615,0,
4925,5567,0,
4928,9961,0,
4928,4928,0,
5242,5218,0,
5242,6738,0,
5242,6728,0,
9948,11507,0,
9948,11517,0,
9948,11506,0,
9948,11516,0,
9948,8053,2,300
9948,8064,2,300
9948,9948,0,
7516,7516,0,
7525,7525,0,
7525,7563,0,
7444,7444,0,
7444,7503,0,
7444,7562,0,
7493,7446,0,
7493,7493,0,
7493,7533,0,
8071,1832,0,
8071,8903,0,
8071,1615,0,
8071,1065,0,
8072,695,0,
8072,1572,0,
8072,1541,0,
8073,11588,2,300
8073,11606,2,300
8073,972,0,
8073,1231,0,
8073,11589,2,300
8073,8754,0,
8073,8763,0,
8074,235,0,
8074,181,0,
8074,10480,2,360
8075,9063,2,420
8075,81,2,360
8075,11495,2,360
8076,96,2,420
8076,78,2,360
8076,9129,2,360
8076,4881,2,420
8076,10399,2,360
8076,11535,0,
8076,11525,2,360
8076,4882,0,
8076,11524,2,360
8076,77,2,420
8076,193,2,480
8076,8535,2,600
8076,4495,2,360
8994,95,2,300
8994,96,2,300
8994,78,2,360
8994,11438,2,300
8994,938,2,360
8994,35,2,300
8994,40,0,
8994,189,2,360
8994,859,2,300
8994,9069,0,
8994,645,2,300
8994,8039,2,300
8994,11302,2,420
8994,8035,2,480
8077,409,2,300
8077,76,2,420
8077,534,2,300
8077,1857,2,300
8077,11304,2,360
8077,8535,0,
8078,2736,2,600
8078,35,2,300
8078,11302,2,360
8078,8994,2,300
8078,8019,2,420
8078,8035,2,480
8020,3767,2,120
8020,3181,0,
8020,3217,0,
8020,3258,2,120
10860,3767,2,120
10860,3181,0,
10860,3217,0,
10860,3258,2,120
8021,3394,2,120
8021,3334,2,120
8021,3533,2,120
8021,3769,2,120
8021,3204,2,120
8021,3053,2,120
8021,3927,2,120
8021,3904,2,120
8021,3195,2,120
8021,3906,2,120
8021,3067,2,120
8021,7643,2,120
8998,3394,2,120
8998,3334,2,120
8998,3533,2,120
8998,3769,2,120
8998,3204,2,120
8998,3053,2,120
8998,3927,2,120
8998,3904,2,120
8998,3195,2,120
8998,3906,2,120
8998,3067,2,120
8998,7643,2,120
8022,3385,2,120
8022,3816,2,120
8022,3806,2,120
8022,3478,2,120
8022,3822,2,120
8999,3385,2,120
8999,3779,2,120
8999,3816,2,120
8999,3806,2,120
8999,3478,2,120
8999,3822,2,120
8023,11559,2,120
8023,7650,2,120
9000,11559,2,120
9000,7650,2,120
9000,7736,2,120
8024,7827,2,120
8024,7743,2,120
8024,7727,2,120
8024,7658,2,120
10956,10366,0,
10956,7827,2,120
10956,10198,2,480
10956,7743,2,120
10956,10840,2,120
10956,7727,2,120
10956,7658,2,120
8025,9667,2,120
8025,7777,2,120
8025,7768,2,120
10954,7777,2,120
10954,7768,2,120
8028,9667,2,120
8028,7777,2,120
10955,7777,2,120
8029,7827,2,120
8029,7727,2,120
8029,7658,2,120
8030,11559,2,120
8030,7650,0,
8030,7736,2,120
8031,3385,2,120
8031,3061,0,
8031,3779,2,120
8031,3816,2,120
8031,3806,2,120
8031,3478,2,120
8031,3822,2,120
8032,3394,2,120
8032,3334,2,120
8032,3533,2,120
8032,3204,2,120
8032,3053,2,120
8032,3927,2,120
8032,3904,2,120
8032,3195,2,120
8032,3906,2,120
8032,3067,2,120
8032,7643,2,120
8033,3767,2,120
8033,3258,2,120
8034,95,2,480
8034,96,2,480
8034,78,2,480
8034,11438,2,480
8034,938,2,480
8034,35,2,480
8034,40,2,480
8034,189,2,480
8034,859,2,480
8034,10553,2,480
8034,9069,2,480
8034,645,2,480
8034,8039,2,420
8034,11302,2,480
8034,8035,2,480
8036,4210,2,120
8036,4242,2,120
8036,4471,2,120
8036,4475,2,120
8036,4459,2,120
8036,4568,2,120
8036,10867,2,120
8038,95,2,480
8038,96,2,480
8038,78,2,480
8038,11438,2,480
8038,938,2,480
8038,35,2,480
8038,40,2,480
8038,10400,2,360
8038,97,2,360
8038,189,2,480
8038,859,2,480
8038,10553,2,480
8038,9069,2,480
8038,645,2,480
8038,8039,2,480
8038,11302,2,480
8038,8994,2,480
8038,8019,2,480
8055,11661,0,
8055,11663,0,
8055,11662,0,
8055,11657,0,
8055,11660,0,
8055,11659,0,
8408,8408,0,
8408,7646,0,
3903,9240,0,
9240,3903,2,360
6256,6303,0,
6215,6280,0,
6335,6362,0,
6172,6357,0,
6172,6197,0,
6357,6357,0,
7572,7572,0,
10213,10213,0,
8056,5844,0,
8056,5862,0,
8057,5768,0,
8057,5769,0,
8057,5667,0,
8057,10881,0,
8057,5793,0,
8057,5045,0,
8057,6467,0,
8057,10880,0,
8057,5262,0,
8057,5494,0,
8058,5042,0,
8058,6468,0,
8060,5768,0,
8060,5769,0,
8060,5667,0,
8060,5793,0,
8060,5045,0,
8060,5891,0,
8060,10880,0,
8060,5262,0,
8061,5844,0,
8061,5862,0,
8062,11661,0,
8062,11663,0,
8062,11662,0,
8062,11657,0,
8062,11660,0,
8062,11659,0,
10415,2742,2,120
10415,1387,2,120
10415,1482,2,120
10415,1709,2,120
3818,3054,2,480
3663,1442,0,
3663,2263,0,
3663,1430,0,
5547,5547,0,
6135,6135,0,
10856,10856,0,
5434,5545,0,
7352,7417,0,
7357,8960,0,
3140,3548,0,
3140,3613,0,
8691,8690,0,
8691,8688,0,
8691,8685,0,
8691,8676,0,
8691,8672,0,
8691,8656,0,
8691,8689,0,
8691,8657,0,
8691,8687,0,
8691,8746,0,
11270,11248,0,
11270,11250,2,120
11270,11289,0,
11270,11288,0,
11270,11269,2,120
11270,11253,2,120
11270,11267,2,120
11270,11246,2,120
11270,11266,2,120
11270,11268,2,120
11270,11256,2,120
354,599,2,300
354,600,0,
11663,11661,0,
11663,8062,0,
11663,11662,2,120
11663,11660,2,120
11663,11659,2,120
9926,5845,0,
6456,5768,2,120
6456,5769,0,
6456,8057,0,
6456,8060,0,
6456,5667,2,120
6456,10881,2,120
6456,5793,2,120
6456,5045,2,120
6456,5891,2,120
6456,6467,2,120
6456,10880,2,120
6456,5262,2,120
6456,5494,2,120
6456,5122,2,120
11649,30,0,
11649,45,0,
11650,4883,0,
11650,11528,2,300
11650,11272,2,420
6174,6088,2,120
6174,6340,2,120
6174,5543,2,120
6174,5436,2,120
6174,6195,0,
6174,6174,2,120
6174,8854,2,120
6174,6139,2,120
5275,5275,0,
5275,5419,2,360
5181,9720,0,
5183,5180,2,360
5183,9720,2,360
5183,5183,0,
5697,5467,2,360
5743,5593,2,120
5743,5743,2,120
5743,6000,2,120
5743,5633,0,
5743,5700,0,
5743,6077,2,120
5743,5464,0,
5743,5509,2,120
6000,5593,2,120
6000,5743,2,120
6000,6000,2,120
6000,5633,0,
6000,5700,0,
6000,6077,2,120
6000,5701,0,
6000,5464,0,
6000,5509,2,120
5706,6078,0,
5708,5641,0,
5708,5693,0,
5715,11133,0,
5715,11134,0,
5719,5037,0,
5719,5052,0,
5119,5119,0,
5119,5723,0,
5119,5125,0,
10881,5768,2,120
10881,5769,0,
10881,8057,0,
10881,8060,0,
10881,5667,2,120
10881,10881,2,120
10881,5793,2,120
10881,5045,2,120
10881,5891,2,120
10881,6467,2,120
10881,10880,2,120
10881,5262,2,120
10881,5494,2,120
10881,5122,2,120
5124,5721,0,
5124,5124,0,
5725,5037,0,
5725,5052,0,
5729,11133,0,
5729,11134,0,
5737,5641,0,
5737,5693,0,
5458,5703,2,300
5458,5741,0,
5458,5514,0,
5756,5756,0,
5756,5781,0,
5756,5797,0,
5756,11135,0,
5762,6480,0,
5762,6469,0,
5793,5768,2,120
5793,5769,0,
5793,8057,0,
5793,8060,0,
5793,5667,2,120
5793,10881,2,120
5793,5793,2,120
5793,5045,2,120
5793,5891,2,120
5793,6467,2,120
5793,10880,2,120
5793,5262,2,120
5793,5494,2,120
5793,5122,2,120
6222,6223,0,
5448,6186,0,
5448,5524,0,
6194,10437,0,
8282,6706,0,
8282,8485,0,
8282,8282,0,
8282,8283,2,480
8283,8483,2,300
8283,8484,2,360
8283,8283,0,
8283,6781,2,480
6175,10437,0,
6346,6230,0,
5524,6186,0,
5532,5444,0,
5040,5050,2,300
5040,5794,0,
5040,5039,0,
5041,5049,0,
5042,8059,0,
5042,5042,0,
5042,6468,2,360
5045,5768,2,120
5045,5769,0,
5045,8057,0,
5045,8060,0,
5045,5667,2,120
5045,10881,2,120
5045,5793,2,120
5045,5045,2,120
5045,5891,2,120
5045,6467,2,120
5045,10880,2,120
5045,5262,2,120
5045,5494,2,120
5045,5122,2,120
5093,6455,2,120
5093,5230,2,120
5093,5093,2,120
5093,6080,2,120
5093,4845,2,120
5093,5244,2,120
5093,5553,2,120
5093,4939,2,120
5093,5997,2,120
5250,5250,0,
5250,5869,0,
5250,5256,0,
5250,5069,0,
5024,5068,0,
5025,5025,0,
5025,11130,0,
5025,11127,0,
5029,5029,0,
4961,4961,0,
4961,4962,0,
4961,4972,0,
4961,5253,0,
4962,4961,0,
4962,4962,0,
4962,4972,0,
4962,5253,0,
5031,5059,0,
5034,5656,0,
5034,5678,0,
5037,5719,0,
5037,5725,0,
5052,5719,0,
5052,5725,0,
5055,5656,0,
5055,5678,0,
5059,5057,0,
5065,5028,0,
5065,5255,0,
5255,5065,0,
5066,5066,0,
5067,11130,0,
5067,11127,0,
5869,5069,0,
5432,5547,0,
5432,6321,0,
6080,6455,2,120
6080,5230,0,
6080,5093,2,120
6080,6080,2,120
6080,4845,2,120
6080,5244,2,120
6080,5553,2,120
6080,4939,2,120
6080,5997,2,120
5583,5623,0,
5583,5561,0,
5583,5583,0,
5583,11122,0,
6464,5585,0,
6464,5601,0,
11074,5456,0,
11074,5516,0,
11124,6073,0,
11124,6019,0,
11076,6051,0,
11076,9022,0,
9525,9525,0,
10148,10148,0,
10148,9547,0,
10148,9524,0,
10148,10150,0,
5332,5332,0,
6474,7144,0,
6474,7102,0,
5776,6469,0,
5777,5761,0,
5777,5777,2,120
5779,5779,2,120
5781,5797,0,
5781,11135,0,
5792,5745,2,300
5792,5937,0,
5797,5756,0,
5797,5781,0,
5797,5797,0,
5797,11135,0,
5801,5830,0,
5801,5955,0,
5801,6004,0,
5803,5954,0,
5803,6114,0,
5805,5287,0,
5805,5288,0,
5811,5820,0,
5811,8967,0,
5813,5818,0,
5813,5909,0,
5813,11490,0,
5815,5180,2,360
5815,9720,2,360
5815,5183,0,
5815,5815,0,
5826,5805,0,
5826,5826,0,
5826,5287,2,360
5826,11592,0,
5826,5288,2,360
5828,5803,0,
5828,5828,0,
5828,5954,0,
5828,6114,0,
5830,5955,0,
5830,6004,0,
5891,5768,2,120
5891,5667,2,120
5891,10881,2,120
5891,5793,2,120
5891,5045,2,120
5891,6467,2,120
5891,10880,2,120
5891,5262,2,120
5891,5494,2,120
5918,9452,0,
5918,11137,0,
5919,5919,0,
5919,5408,0,
5919,5295,0,
5947,6116,0,
5951,5951,0,
5951,5945,0,
5951,5927,0,
5954,5803,0,
5954,5828,0,
5954,5954,0,
5954,6114,0,
5285,5285,0,
5285,6113,0,
5285,6478,0,
5285,5410,0,
6113,5285,0,
6113,6113,0,
6113,6478,0,
6113,5410,0,
5955,5801,0,
5955,5830,0,
5955,5955,0,
5955,6004,0,
5945,5951,0,
5945,5945,0,
5945,5927,0,
5925,6111,0,
5925,6116,0,
5960,5408,0,
5960,5295,0,
5961,9452,0,
5961,11137,0,
5991,2410,0,
5991,5991,0,
4845,6455,2,120
4845,5230,0,
4845,5093,2,120
4845,6080,2,120
4845,5244,2,120
4845,5553,2,120
4845,4939,2,120
4845,5997,2,120
6086,2409,0,
6086,6086,0,
10855,11681,2,360
7207,7259,2,120
7207,5352,2,120
7207,7095,2,120
7207,7166,2,120
7207,7214,2,120
10190,10190,0,
10190,5321,0,
10189,6039,0,
9547,10148,0,
9547,9547,0,
9547,9524,0,
9547,10150,0,
6051,11076,0,
6051,6051,0,
6051,9022,0,
6051,9023,0,
6051,11075,0,
6073,11124,0,
6073,11123,0,
6019,11124,0,
6019,11123,0,
6028,6053,0,
6028,6028,0,
6028,6124,0,
9022,11076,0,
9022,11075,0,
9524,10148,0,
9524,10150,0,
6039,10701,0,
6039,6039,0,
8854,6088,2,120
8854,6340,2,120
8854,5543,2,120
8854,5436,2,120
8854,6195,2,120
8854,6174,2,120
8854,8854,0,
8854,6139,2,120
9023,11075,0,
6111,5947,0,
6111,5925,0,
6478,5285,0,
6478,6113,0,
6478,6478,0,
6478,5410,0,
6479,6006,0,
6479,6068,0,
6480,5762,0,
6480,5776,0,
5935,5938,0,
5935,6015,0,
5633,5593,2,120
5633,5743,2,120
5633,6000,0,
5633,5700,0,
5633,6077,2,120
5633,5701,2,480
5633,5465,2,480
5633,5464,2,120
5633,5509,2,120
6004,5801,0,
6004,5830,0,
6006,6479,0,
6006,6470,0,
6011,6063,0,
6068,6479,0,
6068,6470,0,
5927,5951,0,
5927,5945,0,
5700,5593,0,
5700,5743,0,
5700,6000,0,
5700,5633,0,
5700,5700,0,
5700,6077,0,
5700,5701,2,360
5700,5465,2,360
5700,5464,0,
5700,5509,0,
6139,6088,2,120
6139,5543,2,120
6139,5436,2,120
6139,6195,2,120
6139,6174,2,120
6139,8854,0,
6167,6354,2,360
6167,6343,0,
6481,6481,0,
6469,5776,0,
6470,6006,0,
6470,6068,0,
6114,5803,0,
6114,5828,0,
6116,5947,0,
6116,5925,0,
5628,5629,0,
5628,5998,0,
5644,6462,0,
5644,5690,0,
5651,11131,0,
5651,11132,0,
5656,5034,0,
5656,5055,0,
5659,5127,0,
5659,5117,0,
5675,5127,0,
5675,5117,0,
5678,5034,0,
5678,5055,0,
5683,11131,0,
5683,11132,0,
5456,11074,0,
5456,5456,0,
5456,6459,2,300
5456,5516,0,
5741,5703,0,
9452,5918,0,
9452,5961,0,
6077,5593,2,120
6077,5743,0,
6077,6000,0,
6077,5633,2,120
6077,5700,0,
6077,5464,0,
6077,5509,2,120
6078,5706,0,
10199,6475,0,
10199,9306,0,
7144,6475,0,
7145,10629,0,
5337,7209,0,
8989,9492,0,
8989,5379,0,
8989,9020,0,
8989,11232,0,
5338,5378,0,
7095,7259,2,120
7095,5352,2,120
7095,7207,2,120
7095,7166,2,120
7095,7214,2,120
7166,7259,2,120
7166,5352,2,120
7166,7207,2,120
7166,7095,2,120
7166,7166,2,120
7166,7214,2,120
7102,6475,0,
7102,7102,0,
7727,7827,2,120
7727,7743,2,120
7727,8024,2,120
7727,10956,2,120
7727,8029,2,120
7727,7727,2,120
7727,7658,0,
7662,10294,0,
7662,7828,0,
7666,10299,2,420
7666,10310,2,420
10887,10889,2,120
10887,10888,2,120
10887,10891,2,120
10887,10890,2,120
10887,10886,2,120
7719,10299,2,420
7719,10310,2,420
10893,10316,0,
10893,7828,0,
7658,7827,2,120
7658,7743,2,120
7658,8024,2,120
7658,10956,2,120
7658,8029,2,120
7658,7658,2,120
10874,7117,0,
7125,7123,0,
7488,7451,0,
7501,7493,0,
7501,7501,0,
6735,7488,0,
6735,6729,0,
6738,5218,0,
6738,6738,0,
6728,5218,0,
7451,6729,0,
7468,7591,2,120
7468,5216,2,120
7468,6727,2,120
7468,7635,2,120
7468,6736,2,120
7469,7591,2,120
7469,5216,2,120
7469,6727,2,120
7469,7635,2,120
7023,8823,0,
7025,2160,0,
7025,2227,0,
7025,1329,0,
7029,7029,0,
6992,1334,0,
6992,6958,0,
7036,7036,0,
7042,7042,0,
7042,6526,0,
11268,11248,0,
11268,11250,2,120
11268,11289,0,
11268,11288,0,
11268,11269,2,120
11268,11253,2,120
11268,11267,2,120
11268,11246,2,120
11268,11266,2,120
6532,7002,0,
6532,6949,0,
6535,2098,0,
11254,11398,0,
11254,6754,0,
6538,2095,0,
6892,6843,0,
6892,6838,0,
6895,6600,0,
6895,6637,0,
6902,9567,0,
6902,9577,0,
8412,8367,0,
6908,6587,0,
6908,6648,0,
6778,6778,0,
6578,6482,0,
6578,6578,0,
6868,6868,0,
6574,6566,0,
6574,6574,0,
6574,11208,0,
6805,9560,0,
6808,6587,0,
6808,6648,0,
6874,9567,0,
6881,6600,0,
6881,6637,0,
6884,6843,0,
6884,6838,0,
6510,10522,0,
11470,11247,0,
11470,11393,0,
6512,6753,0,
6512,6610,0,
6512,11243,0,
6512,6607,0,
6512,11295,0,
6512,6512,0,
6512,2092,0,
6512,6541,0,
2092,6753,0,
2092,6610,0,
2092,11243,0,
2092,6607,0,
2092,11247,0,
2092,11295,0,
2092,6512,0,
2092,2092,0,
2092,6541,0,
2092,2093,0,
6541,6753,0,
6541,6610,0,
6541,11243,0,
6541,6607,0,
6541,11247,0,
6541,11295,0,
6541,6512,0,
6541,2092,0,
6541,6541,0,
6541,2093,0,
2093,2093,0,
2101,7001,0,
2101,6949,0,
8366,8368,0,
11256,11248,0,
11256,11250,2,120
11256,11289,0,
11256,11288,0,
11256,11269,2,120
11256,11253,2,120
11256,11267,2,120
11256,11246,2,120
11256,11266,2,120
10149,10248,0,
10149,10149,0,
10149,5303,0,
11075,6051,0,
11075,9023,0,
11123,6073,0,
11123,6019,0,
6459,11074,0,
6459,5456,0,
6459,6459,0,
6459,5516,0,
5621,5585,0,
5621,5601,0,
11122,5623,0,
11122,5561,0,
5428,5428,0,
5431,6089,0,
7544,7544,0,
7582,7582,0,
6843,6892,0,
8617,9562,0,
8617,9582,0,
6858,6489,0,
6858,6563,0,
6572,9634,0,
11208,6802,0,
9987,1622,0,
9987,1679,0,
9989,1643,0,
10144,9848,0,
6971,2394,0,
6987,9849,0,
11613,9848,2,360
7001,2101,0,
7002,6532,0,
7002,2101,0,
10150,9547,0,
10150,9524,0,
5404,10642,0,
5404,10163,0,
5408,5919,0,
5408,5960,0,
5408,5408,0,
5287,5805,0,
5287,5826,2,360
5287,5287,0,
5287,11592,2,360
6489,6858,0,
6489,6820,0,
6820,6489,0,
6820,6563,0,
6823,9562,0,
6823,9582,0,
6838,6892,0,
6838,6884,0,
6949,2101,0,
7602,7602,0,
6733,6733,0,
6733,6731,0,
6730,6730,0,
6730,6734,0,
11130,5025,0,
11130,5067,0,
11131,5651,0,
11131,5683,0,
11133,5715,0,
11133,5729,0,
11078,5474,0,
11078,5498,0,
11592,5287,2,360
11592,5288,2,360
11137,5918,0,
11137,5961,0,
11135,5756,0,
11135,5781,0,
11077,5474,0,
11077,5498,0,
5003,8615,0,
5006,5007,0,
6727,7591,2,120
6727,5216,2,120
6727,7468,2,120
6727,7469,2,120
6727,6727,2,120
6727,7635,2,120
6727,6736,2,120
7643,3394,2,120
7643,3334,2,120
7643,3533,2,120
7643,3769,2,120
7643,3204,2,120
7643,3053,2,120
7643,3927,2,120
7643,3904,2,120
7643,3195,2,120
7643,3906,2,120
7643,3067,2,120
7643,8998,2,120
7643,8032,2,120
3825,3064,0,
7649,11117,0,
7650,8023,2,120
7650,9000,2,120
7656,10277,0,
6766,6766,0,
6766,6783,0,
6768,6704,0,
6768,8483,0,
6768,6661,0,
6768,8283,2,480
6768,6768,0,
6781,6704,0,
6781,8483,0,
6781,6661,0,
6781,8283,2,480
6781,6768,0,
6781,6781,0,
6783,6766,0,
6783,6783,0,
5410,5285,0,
5410,6113,0,
5410,6478,0,
6734,6730,0,
6731,6733,0,
5007,5006,0,
5007,5007,0,
4965,10897,2,300
4965,10896,2,300
6587,6908,0,
6587,6808,0,
6563,6858,0,
6563,6820,0,
6590,9564,0,
6590,9580,0,
6600,6895,0,
6600,6881,0,
6603,6634,0,
6603,6684,0,
10886,10889,2,120
10886,10888,2,120
10886,10891,2,120
10886,10890,2,120
10886,10886,2,120
7736,8023,0,
7736,9000,2,120
7736,8030,2,120
10885,10889,2,120
10885,10888,2,120
10885,10891,2,120
10885,10890,2,120
10885,10887,2,120
6637,6895,0,
6637,6881,0,
6646,9564,0,
6646,9580,0,
6648,6908,0,
6648,6808,0,
6675,9570,0,
6675,9574,0,
6467,5768,2,120
6467,5769,2,120
6467,5667,2,120
6467,10881,2,120
6467,5793,2,120
6467,5045,2,120
6467,5891,2,120
6467,10880,2,120
6467,5262,2,120
6467,5494,2,120
6467,5122,2,120
5288,5805,0,
5288,5826,2,360
5288,11592,2,360
5295,5919,0,
5295,5960,0,
10644,11593,0,
10644,10673,0,
7214,7259,2,120
7214,7207,2,120
7214,7095,2,120
7214,7166,2,120
11134,5715,0,
11134,5729,0,
11132,5651,0,
11132,5683,0,
11127,5025,0,
11127,5067,0,
11128,8542,0,
11128,5138,0,
5244,6455,2,120
5244,5230,2,120
5244,5093,2,120
5244,6080,2,120
5244,4845,2,120
5244,5244,2,120
5244,5553,2,120
5244,4939,2,120
5244,5997,2,120
5104,5021,0,
5104,5072,0,
8542,11128,0,
8542,11129,0,
4959,4959,0,
4959,5133,0,
4959,4974,0,
4972,4961,0,
4972,4962,0,
4972,4972,0,
4972,5253,0,
5138,11128,0,
5138,11129,0,
5140,5021,0,
5140,5072,0,
4915,5096,0,
4915,4849,0,
5701,5594,0,
5701,5633,2,480
5701,5700,2,360
5514,5514,0,
6741,6942,0,
6741,6921,0,
6777,6777,0,
8960,7357,0,
7236,7236,0,
10437,6194,0,
10437,10437,0,
5465,5594,0,
5465,5743,0,
5465,6000,0,
5465,5633,2,480
5465,5700,2,360
5465,5465,0,
5039,5039,0,
5516,11074,0,
5516,6459,0,
6466,6194,0,
6466,6175,0,
6466,6466,0,
6725,6942,0,
6725,6921,0,
6700,6739,0,
6700,6700,0,
6736,7591,2,120
6736,5216,2,120
6736,7469,2,120
6736,6727,2,120
6736,7635,2,120
6691,9570,0,
6691,9574,0,
6683,8381,0,
6765,6915,0,
8961,8975,0,
8961,7357,0,
7421,5354,0,
10643,11593,0,
7742,3064,0,
7742,3869,2,480
10564,8561,2,120
10564,8575,2,120
10564,8578,0,
10564,8577,0,
10567,3719,0,
10569,3723,0,
10568,3723,0,
10568,3743,0,
11628,5016,2,480
11628,5077,2,480
11629,5077,2,480
10880,5768,2,120
10880,5769,2,120
10880,8057,0,
10880,8060,0,
10880,5667,2,120
10880,10881,2,120
10880,5793,2,120
10880,5045,2,120
10880,5891,2,120
10880,6467,2,120
10880,10880,2,120
10880,5262,0,
10880,5494,0,
10880,5122,0,
5975,5975,0,
11639,4463,2,360
11632,155,0,
11632,256,0,
11644,8604,2,300
11644,11291,2,300
10743,11507,0,
10743,11517,0,
10743,11506,0,
10743,11516,0,
10743,8053,0,
10743,8064,0,
10743,10743,0,
10742,11507,0,
10742,11517,0,
10742,11506,0,
10742,11516,0,
10742,8053,0,
10742,8064,0,
10742,10742,0,
11016,56,0,
11016,113,0,
11645,4463,0,
11645,11639,2,360
639,1,2,300
639,10044,2,360
639,639,0,
639,10618,0,
9848,10144,0,
5019,5019,0,
5019,5074,0,
5019,4949,0,
5019,4984,0,
5021,5104,0,
5021,5140,0,
5256,5250,0,
5256,5869,0,
5256,5256,0,
5256,5069,0,
5553,6455,2,120
5553,5230,2,120
5553,5093,2,120
5553,6080,2,120
5553,4845,2,120
5553,5244,2,120
5553,5553,2,120
5553,4939,2,120
5553,5997,2,120
5998,5557,0,
5998,5628,0,
5069,5250,0,
5069,5069,0,
5072,5104,0,
5072,5140,0,
5074,4949,0,
5074,4984,0,
9849,6969,0,
9849,6987,0,
11540,6754,0,
4654,4832,0,
4835,4835,0,
4939,6455,2,120
4939,5230,2,120
4939,5093,2,120
4939,6080,2,120
4939,4845,2,120
4939,5244,2,120
4939,5553,2,120
4939,5997,2,120
5015,11628,2,480
5015,11629,2,480
4949,5019,0,
4949,5074,0,
4984,5019,0,
4984,5074,0,
5641,5708,0,
5641,5737,0,
5693,5708,0,
5693,5737,0,
5127,5659,0,
5127,5675,0,
5057,5031,0,
5057,5059,0,
4993,4918,0,
5077,11629,2,480
5111,5059,0,
5117,5659,0,
5117,5675,0,
4629,4689,0,
4640,4678,0,
4644,4644,0,
4644,4674,0,
4647,4670,0,
4652,4652,0,
4652,4665,0,
4652,4735,0,
4658,82,2,420
4658,10670,0,
4722,10819,0,
5253,4961,0,
5253,4972,0,
5997,6455,2,120
5997,5230,2,120
5997,5093,2,120
5997,6080,2,120
5997,4845,2,120
5997,5244,2,120
5997,4939,2,120
5262,5768,2,120
5262,5769,2,120
5262,8057,0,
5262,8060,0,
5262,5667,2,120
5262,10881,2,120
5262,5793,2,120
5262,5045,2,120
5262,5891,2,120
5262,6467,2,120
5262,5494,2,120
5262,5122,2,120
8654,5805,0,
8654,5826,0,
8654,11592,0,
8454,8454,0,
8127,8127,0,
5464,5593,0,
5464,5743,0,
5464,6000,0,
5464,5633,0,
5464,5700,0,
5464,6077,0,
5474,11078,2,300
5474,11077,2,300
5494,5768,2,120
5494,5769,0,
5494,5667,2,120
5494,10881,0,
5494,5793,2,120
5494,5045,2,120
5494,5891,2,120
5494,6467,2,120
5494,10880,2,120
5494,5262,2,120
5494,5122,2,120
5122,5768,2,120
5122,5769,0,
5122,5667,2,120
5122,10881,0,
5122,5793,2,120
5122,5045,2,120
5122,5891,2,120
5122,6467,2,120
5122,10880,2,120
5122,5262,2,120
8472,8472,0,
8461,10819,0,
8128,8128,0,
4750,10819,0,
5498,11078,0,
5498,11077,0,
5505,5638,2,360
5509,5593,2,120
5509,5743,2,120
5509,6000,2,120
5509,5633,2,120
5509,5700,0,
5509,6077,2,120
10764,10819,0,
4756,10328,0,
4756,4756,0,
4660,4461,2,120
4660,4491,2,120
4660,4660,2,120
4817,4817,0,
8497,8497,0,
9112,534,2,300
9112,44,0,
9112,8040,2,360
9112,8077,2,360
9112,31,0,
11534,81,0,
10811,10811,0,
10823,4722,0,
10823,8461,0,
10823,4750,0,
10823,10764,0,
31,984,0,
31,409,2,360
31,4496,2,120
31,534,2,300
31,8040,2,360
31,8041,2,600
31,8077,2,300
31,9128,0,
11674,1736,2,300
11674,1651,2,300
11674,1685,2,300
11674,8047,0,
11674,8070,0,
11675,1583,2,360
11675,1530,2,360
11129,8542,0,
11129,5138,0,
11676,4659,2,360
11677,10265,0,
604,10481,0,
9916,9912,2,480
9916,9913,2,480
9916,9914,2,480
9916,9910,2,480
9916,10432,0,
9916,9909,2,480
9916,11665,2,360
3699,3679,0,
1856,410,2,360
1856,1857,0,
1856,1483,2,360
141,2153,0,
141,2234,0,
151,1988,0,
151,2047,0,
155,255,0,
155,11632,0,
165,11500,0,
165,11020,0,
176,2120,0,
176,9052,0,
176,888,0,
176,886,0,
240,2120,0,
240,9052,0,
240,888,0,
240,886,0,
248,1583,0,
248,1530,0,
251,11500,0,
251,11020,0,
256,255,0,
256,11632,0,
10812,1988,0,
10812,2047,0,
266,2153,2,480
